Patient: S8R
Motion description: Dynamic Trial; Backward flexion; Weight: 2.4 kg;
 
---------------------------DATA--------------------------------
Note: all force components are represenetd in a right-handed coordinate system
The local coordinate system of the glenoid is defined as: Xg forward, Yg upward, Zg lateral
 
Time:
starts at the time frame where the first "1" occurs in the original dataset
ends at the time frame where the last "1" occurs in the original dataset
 
Forces:
Fgx, Fgy, Fgz: force components in the glenoid system
Fg:  the resultant force

Moments:
Mgx, Mgy, Mgz: Moment components in the glenoid system
Mg:  the resultant moment

Marker column:
0: kinematic data do not exist
1: kinematic data exist
2: errors/jumps in kinematic data
3: NaN (Not-a-Number) in kinematic data
 
Time	Fgx	Fgy	Fgz	Fg	Mgx	Mgy	Mgz	Mg	Marker
[s]	[N]	[N]	[N]	[N]	[Nm]	[Nm]	[Nm]	[Nm]    [0/1/2/3]
0.821	-91.26	-90.34	-220.70	255.34	-0.46	-0.50	0.10	0.69	1
0.831	-91.08	-88.14	-217.53	251.76	-0.46	-0.50	0.10	0.69	1
0.841	-91.46	-88.39	-215.08	249.87	-0.47	-0.49	0.09	0.68	1
0.851	-90.28	-85.40	-211.82	245.58	-0.47	-0.49	0.10	0.69	1
0.861	-91.51	-88.85	-216.26	251.07	-0.47	-0.51	0.10	0.70	1
0.871	-92.80	-91.27	-222.37	257.67	-0.48	-0.54	0.11	0.73	1
0.881	-94.46	-94.81	-228.73	265.01	-0.49	-0.56	0.11	0.76	1
0.891	-94.33	-94.34	-228.48	264.57	-0.50	-0.57	0.10	0.77	1
0.902	-93.87	-93.35	-227.03	262.81	-0.51	-0.57	0.10	0.77	1
0.912	-93.84	-92.55	-225.53	261.22	-0.51	-0.57	0.09	0.77	1
0.922	-92.81	-89.64	-223.33	257.92	-0.51	-0.56	0.09	0.77	1
0.932	-94.19	-93.10	-228.78	264.34	-0.52	-0.58	0.10	0.78	1
0.942	-94.94	-94.08	-234.49	269.91	-0.53	-0.59	0.12	0.80	1
0.952	-95.45	-94.72	-239.38	274.57	-0.53	-0.61	0.13	0.82	1
0.962	-94.92	-92.35	-238.97	273.21	-0.54	-0.61	0.14	0.82	1
0.972	-93.41	-87.12	-234.59	267.11	-0.54	-0.58	0.14	0.80	1
0.982	-91.87	-81.34	-229.63	260.35	-0.54	-0.54	0.14	0.78	1
0.992	-91.26	-77.60	-225.16	255.05	-0.55	-0.52	0.14	0.77	1
1.002	-91.18	-74.73	-221.57	250.99	-0.56	-0.50	0.13	0.76	1
1.012	-89.54	-67.29	-214.93	242.36	-0.56	-0.46	0.14	0.74	1
1.022	-89.70	-63.83	-213.97	240.63	-0.57	-0.44	0.17	0.74	1
1.032	-91.46	-65.27	-218.05	245.30	-0.57	-0.45	0.17	0.75	1
1.042	-94.75	-71.49	-226.53	255.74	-0.60	-0.50	0.18	0.80	1
1.052	-98.23	-78.87	-235.52	267.09	-0.62	-0.54	0.17	0.84	1
1.063	-100.82	-83.92	-243.89	276.93	-0.63	-0.58	0.18	0.88	1
1.073	-102.78	-87.52	-252.38	286.22	-0.65	-0.63	0.20	0.93	1
1.083	-105.00	-93.05	-262.17	297.35	-0.67	-0.68	0.22	0.98	1
1.093	-108.16	-101.22	-274.28	311.73	-0.70	-0.75	0.20	1.04	1
1.103	-110.92	-107.85	-283.86	323.29	-0.72	-0.81	0.20	1.10	1
1.113	-112.90	-111.92	-289.86	330.59	-0.74	-0.84	0.20	1.14	1
1.123	-114.73	-114.97	-294.17	336.03	-0.76	-0.88	0.19	1.18	1
1.133	-116.69	-117.35	-297.52	340.45	-0.76	-0.91	0.18	1.20	1
1.143	-117.96	-118.57	-300.13	343.58	-0.78	-0.94	0.17	1.24	1
1.153	-118.31	-118.46	-301.97	345.27	-0.80	-0.96	0.18	1.26	1
1.163	-118.30	-118.55	-303.88	346.97	-0.80	-0.99	0.17	1.29	1
1.173	-117.85	-116.82	-304.38	346.67	-0.82	-1.01	0.17	1.31	1
1.183	-117.95	-116.34	-305.66	347.67	-0.84	-1.03	0.19	1.34	1
1.193	-117.97	-114.74	-305.19	346.73	-0.85	-1.04	0.19	1.36	1
1.203	-117.88	-112.99	-304.21	345.27	-0.87	-1.06	0.19	1.38	1
1.213	-117.18	-110.05	-302.31	342.40	-0.88	-1.07	0.20	1.40	1
1.223	-115.82	-105.32	-299.05	337.55	-0.89	-1.08	0.19	1.41	1
1.233	-115.01	-101.84	-297.89	335.16	-0.89	-1.10	0.20	1.43	1
1.243	-114.30	-98.61	-297.45	333.57	-0.89	-1.13	0.20	1.45	1
1.253	-114.07	-97.52	-298.33	333.95	-0.88	-1.16	0.18	1.47	1
1.263	-113.91	-97.07	-299.15	334.50	-0.87	-1.19	0.17	1.49	1
1.273	-113.55	-96.64	-299.44	334.52	-0.86	-1.23	0.15	1.51	1
1.284	-113.05	-96.15	-299.94	334.65	-0.84	-1.26	0.12	1.52	1
1.294	-113.29	-96.90	-301.42	336.27	-0.80	-1.30	0.07	1.52	1
1.304	-114.24	-99.04	-303.21	338.81	-0.74	-1.33	0.02	1.53	1
1.314	-115.83	-102.31	-305.66	342.51	-0.68	-1.37	-0.06	1.53	1
1.324	-116.26	-101.78	-304.44	341.40	-0.60	-1.38	-0.12	1.50	1
1.334	-114.56	-94.82	-298.11	333.14	-0.48	-1.35	-0.17	1.45	1
1.344	-110.48	-84.58	-289.20	320.93	-0.37	-1.31	-0.20	1.37	1
1.354	-106.10	-75.03	-281.14	309.72	-0.27	-1.25	-0.23	1.30	1
1.364	-104.68	-74.01	-280.47	308.38	-0.18	-1.23	-0.27	1.28	1
1.373	-103.85	-71.38	-278.96	306.10	-0.10	-1.21	-0.30	1.25	1
1.383	-102.29	-67.09	-276.14	302.03	-0.03	-1.18	-0.32	1.22	1
1.393	-101.91	-66.94	-277.98	303.54	0.04	-1.16	-0.34	1.21	1
1.403	-102.40	-69.79	-283.20	309.13	0.09	-1.16	-0.36	1.22	1
1.413	-99.03	-59.58	-276.07	299.28	0.15	-1.11	-0.35	1.18	1
1.423	-96.87	-52.73	-271.40	292.95	0.21	-1.06	-0.35	1.14	1
1.433	-94.89	-45.41	-266.20	286.23	0.27	-1.02	-0.35	1.12	1
1.443	-92.33	-35.99	-258.62	276.95	0.32	-0.97	-0.36	1.08	1
1.453	-92.38	-35.04	-260.29	278.42	0.34	-0.97	-0.36	1.09	1
1.463	-89.07	-24.25	-252.08	268.45	0.37	-0.93	-0.35	1.06	1
1.473	-88.11	-22.00	-250.81	266.75	0.38	-0.92	-0.36	1.06	1
1.483	-86.05	-15.37	-247.74	262.71	0.40	-0.91	-0.35	1.05	1
1.493	-84.91	-12.27	-247.42	261.87	0.39	-0.92	-0.35	1.05	1
1.503	-84.17	-10.91	-249.42	263.47	0.38	-0.93	-0.35	1.07	1
1.513	-82.58	-7.92	-250.27	263.67	0.37	-0.93	-0.35	1.06	1
1.523	-82.28	-8.12	-254.29	267.39	0.35	-0.96	-0.34	1.08	1
1.532	-79.93	-0.37	-248.73	261.26	0.34	-0.92	-0.33	1.04	1
1.542	-80.02	-0.55	-253.47	265.80	0.30	-0.93	-0.32	1.03	1
1.552	-76.03	9.10	-246.63	258.24	0.28	-0.88	-0.29	0.97	1
1.562	-74.95	9.18	-250.38	261.52	0.22	-0.87	-0.26	0.93	1
1.572	-71.39	16.79	-244.44	255.20	0.17	-0.81	-0.23	0.86	1
1.582	-70.01	17.63	-245.78	256.16	0.07	-0.76	-0.19	0.78	1
1.592	-68.02	18.99	-245.62	255.57	-0.04	-0.68	-0.14	0.70	1
1.602	-71.06	16.75	-254.86	265.12	-0.14	-0.64	-0.12	0.67	1
1.612	-72.03	19.55	-258.88	269.43	-0.20	-0.60	-0.10	0.64	1
1.622	-74.82	18.36	-267.37	278.25	-0.25	-0.59	-0.10	0.65	1
1.632	-73.97	26.79	-266.60	277.97	-0.27	-0.56	-0.09	0.63	1
1.642	-76.18	24.93	-276.44	287.83	-0.29	-0.59	-0.11	0.67	1
1.651	-74.82	30.40	-277.63	289.14	-0.28	-0.58	-0.12	0.65	1
1.661	-74.75	31.37	-283.12	294.50	-0.28	-0.59	-0.13	0.66	1
1.671	-74.51	30.78	-288.66	299.71	-0.28	-0.60	-0.16	0.68	1
1.681	-72.33	35.99	-288.98	300.07	-0.27	-0.60	-0.16	0.68	1
1.691	-72.42	34.52	-296.44	307.11	-0.27	-0.63	-0.17	0.70	1
1.701	-72.08	34.87	-299.98	310.48	-0.26	-0.63	-0.19	0.71	1
1.711	-69.76	41.34	-298.29	309.11	-0.25	-0.62	-0.18	0.69	1
1.721	-69.51	41.61	-304.22	314.82	-0.26	-0.64	-0.18	0.72	1
1.731	-69.74	40.31	-310.61	320.89	-0.25	-0.67	-0.20	0.74	1
1.740	-66.96	47.25	-310.00	320.65	-0.24	-0.66	-0.18	0.73	1
1.750	-65.28	51.17	-314.27	325.03	-0.25	-0.67	-0.16	0.74	1
1.760	-66.12	48.02	-324.54	334.67	-0.26	-0.71	-0.18	0.77	1
1.770	-64.63	50.91	-326.86	337.06	-0.25	-0.70	-0.19	0.77	1
1.780	-61.68	58.76	-325.85	336.80	-0.25	-0.69	-0.18	0.76	1
1.790	-60.42	63.06	-331.08	342.40	-0.26	-0.70	-0.17	0.77	1
1.799	-59.80	64.87	-340.72	351.96	-0.27	-0.72	-0.15	0.79	1
1.809	-61.78	59.22	-355.57	365.72	-0.30	-0.77	-0.18	0.84	1
1.819	-63.49	53.29	-368.82	378.02	-0.33	-0.80	-0.20	0.89	1
1.829	-63.12	51.88	-376.89	385.64	-0.35	-0.82	-0.22	0.92	1
1.839	-62.21	51.08	-384.10	392.44	-0.37	-0.83	-0.22	0.94	1
1.848	-61.32	50.88	-390.10	398.15	-0.38	-0.83	-0.22	0.94	1
1.858	-60.13	51.54	-394.86	402.72	-0.40	-0.81	-0.22	0.93	1
1.868	-58.96	53.27	-398.07	405.93	-0.43	-0.80	-0.20	0.93	1
1.878	-57.99	55.41	-400.66	408.61	-0.44	-0.78	-0.20	0.91	1
1.888	-56.44	59.27	-402.23	410.47	-0.46	-0.75	-0.18	0.90	1
1.897	-54.62	64.07	-402.94	411.64	-0.49	-0.71	-0.16	0.87	1
1.907	-52.70	68.27	-405.79	414.86	-0.50	-0.68	-0.15	0.86	1
1.917	-49.88	75.69	-405.32	415.33	-0.51	-0.64	-0.11	0.83	1
1.927	-46.72	85.31	-403.01	414.58	-0.51	-0.60	-0.09	0.79	1
1.936	-43.72	95.40	-399.71	413.25	-0.53	-0.55	-0.06	0.77	1
1.946	-42.86	100.15	-399.87	414.44	-0.54	-0.52	-0.07	0.75	1
1.956	-42.12	103.81	-402.60	417.90	-0.55	-0.49	-0.09	0.74	1
1.966	-41.82	105.51	-409.54	424.97	-0.57	-0.48	-0.11	0.75	1
1.975	-39.45	111.62	-415.05	431.60	-0.58	-0.47	-0.09	0.75	1
1.985	-36.27	120.99	-416.59	435.32	-0.59	-0.44	-0.05	0.74	1
1.995	-35.22	125.71	-421.62	441.36	-0.60	-0.42	-0.06	0.74	1
2.005	-33.94	131.24	-427.20	448.19	-0.61	-0.41	-0.06	0.73	1
2.014	-33.40	136.14	-436.80	458.75	-0.62	-0.40	-0.06	0.74	1
2.024	-33.98	137.64	-449.23	471.07	-0.65	-0.41	-0.08	0.77	1
2.034	-33.61	142.18	-460.10	482.74	-0.66	-0.41	-0.07	0.78	1
2.043	-33.17	145.96	-470.25	493.50	-0.68	-0.42	-0.09	0.80	1
2.053	-32.97	148.55	-483.01	506.41	-0.70	-0.43	-0.09	0.83	1
2.062	-30.49	153.54	-492.25	516.54	-0.70	-0.44	-0.08	0.84	1
2.072	-26.99	159.89	-495.83	521.67	-0.70	-0.44	-0.07	0.83	1
2.082	-25.49	163.68	-500.32	527.03	-0.71	-0.43	-0.08	0.83	1
2.091	-25.17	164.80	-507.18	533.88	-0.72	-0.44	-0.08	0.84	1
2.101	-23.41	167.69	-511.30	538.60	-0.73	-0.44	-0.07	0.85	1
2.110	-19.93	171.54	-512.34	540.66	-0.72	-0.44	-0.05	0.85	1
2.120	-16.78	173.58	-514.02	542.80	-0.72	-0.44	-0.05	0.84	1
2.130	-14.94	174.33	-516.73	545.55	-0.70	-0.45	-0.05	0.83	1
2.139	-15.02	174.93	-521.34	550.11	-0.71	-0.44	-0.07	0.84	1
2.149	-15.89	175.33	-529.65	558.15	-0.71	-0.46	-0.08	0.85	1
2.158	-16.07	177.50	-537.73	566.50	-0.73	-0.46	-0.09	0.87	1
2.168	-13.81	183.67	-540.92	571.42	-0.72	-0.45	-0.08	0.86	1
2.177	-11.07	189.26	-547.19	579.11	-0.72	-0.45	-0.08	0.85	1
2.187	-8.79	193.17	-558.11	590.66	-0.72	-0.47	-0.07	0.86	1
2.196	-5.98	200.22	-564.86	599.33	-0.72	-0.47	-0.06	0.86	1
2.206	-3.31	207.44	-570.16	606.73	-0.71	-0.47	-0.05	0.86	1
2.215	-1.62	212.28	-577.82	615.58	-0.71	-0.48	-0.02	0.86	1
2.225	-1.36	212.67	-592.24	629.27	-0.72	-0.51	-0.02	0.88	1
2.234	-0.20	215.99	-602.43	639.98	-0.72	-0.52	-0.01	0.89	1
2.244	0.46	220.14	-610.79	649.25	-0.72	-0.53	-0.02	0.89	1
2.253	0.83	225.85	-617.53	657.54	-0.72	-0.54	-0.02	0.90	1
2.263	2.76	235.56	-619.50	662.78	-0.70	-0.53	-0.01	0.88	1
2.272	3.85	242.90	-623.71	669.35	-0.70	-0.52	-0.00	0.87	1
2.281	6.12	251.78	-625.85	674.62	-0.68	-0.50	0.01	0.84	1
2.291	8.10	257.07	-632.17	682.48	-0.68	-0.50	0.01	0.84	1
2.300	8.89	257.80	-644.45	694.15	-0.67	-0.53	-0.01	0.85	1
2.309	9.09	258.87	-655.57	704.89	-0.67	-0.55	-0.03	0.87	1
2.319	9.68	261.17	-664.52	714.07	-0.67	-0.57	-0.03	0.88	1
2.328	9.73	263.07	-672.10	721.81	-0.65	-0.59	-0.03	0.88	1
2.337	10.16	265.70	-676.90	727.26	-0.63	-0.59	-0.05	0.87	1
2.347	10.99	270.23	-680.76	732.51	-0.62	-0.59	-0.05	0.86	1
2.356	12.42	274.31	-684.53	737.55	-0.60	-0.59	-0.06	0.85	1
2.365	15.09	278.39	-688.10	742.44	-0.58	-0.60	-0.06	0.83	1
2.375	17.57	279.79	-694.67	749.10	-0.56	-0.61	-0.07	0.83	1
2.384	18.02	281.49	-701.34	755.93	-0.55	-0.63	-0.06	0.84	1
2.393	16.95	284.62	-706.19	761.58	-0.53	-0.64	-0.05	0.83	1
2.402	18.30	288.74	-708.01	764.84	-0.51	-0.65	-0.03	0.83	1
2.412	24.27	291.96	-709.07	767.21	-0.49	-0.65	-0.03	0.82	1
2.421	31.08	296.64	-708.63	768.84	-0.48	-0.65	-0.01	0.81	1
2.430	34.63	301.86	-707.38	769.87	-0.46	-0.64	0.00	0.79	1
2.440	35.36	303.87	-712.97	775.83	-0.47	-0.66	0.01	0.81	1
2.449	38.10	307.71	-715.58	779.86	-0.46	-0.67	0.03	0.82	1
2.458	40.70	309.17	-719.59	784.25	-0.46	-0.68	0.02	0.82	1
2.467	42.86	311.14	-722.22	787.56	-0.46	-0.68	0.02	0.82	1
2.477	43.56	312.80	-725.02	790.81	-0.45	-0.68	0.03	0.82	1
2.486	44.02	314.34	-727.76	793.97	-0.45	-0.68	0.02	0.81	1
2.495	44.71	313.90	-734.72	800.21	-0.45	-0.70	0.03	0.83	1
2.504	44.88	313.24	-741.32	806.03	-0.45	-0.71	0.03	0.84	1
2.513	44.50	313.29	-745.70	810.06	-0.45	-0.71	0.04	0.85	1
2.523	44.94	313.86	-749.81	814.09	-0.46	-0.72	0.04	0.85	1
2.532	45.67	312.85	-752.61	816.32	-0.47	-0.72	0.03	0.86	1
2.541	46.69	314.45	-749.42	814.05	-0.46	-0.71	0.03	0.85	1
2.550	46.30	314.06	-748.52	813.05	-0.48	-0.70	0.03	0.85	1
2.559	46.22	314.54	-744.45	809.49	-0.48	-0.69	0.03	0.84	1
2.569	46.27	314.56	-740.90	806.24	-0.49	-0.68	0.02	0.84	1
2.578	47.79	316.54	-737.19	803.70	-0.49	-0.67	0.04	0.83	1
2.587	49.25	316.15	-737.62	804.03	-0.49	-0.66	0.04	0.83	1
2.596	49.58	312.15	-740.35	804.99	-0.51	-0.67	0.04	0.84	1
2.606	50.32	311.82	-734.21	799.27	-0.50	-0.65	0.04	0.82	1
2.615	50.91	312.22	-726.66	792.54	-0.49	-0.62	0.04	0.80	1
2.624	51.07	310.01	-724.89	790.05	-0.48	-0.61	0.04	0.78	1
2.633	51.36	306.91	-721.39	785.64	-0.48	-0.60	0.04	0.77	1
2.643	51.78	304.43	-714.69	778.55	-0.48	-0.59	0.03	0.76	1
2.652	51.51	302.71	-706.99	770.79	-0.48	-0.57	0.03	0.75	1
2.661	51.75	302.67	-697.18	761.80	-0.47	-0.55	0.03	0.73	1
2.670	51.70	301.89	-688.47	753.52	-0.48	-0.54	0.03	0.72	1
2.680	50.95	299.24	-682.92	747.34	-0.48	-0.53	0.04	0.72	1
2.689	49.45	294.94	-679.89	742.76	-0.49	-0.52	0.03	0.72	1
2.698	47.85	290.75	-677.20	738.53	-0.50	-0.52	0.03	0.72	1
2.708	46.12	285.64	-677.47	736.67	-0.52	-0.52	0.02	0.74	1
2.717	45.09	282.42	-677.46	735.36	-0.53	-0.53	0.02	0.75	1
2.726	44.13	280.06	-675.52	732.60	-0.54	-0.53	0.02	0.76	1
2.736	42.80	277.44	-674.50	730.58	-0.56	-0.53	0.04	0.77	1
2.745	40.89	275.05	-672.35	727.58	-0.58	-0.53	0.04	0.79	1
2.754	39.21	271.57	-669.21	723.28	-0.59	-0.53	0.05	0.79	1
2.764	37.81	269.19	-664.76	718.19	-0.60	-0.53	0.06	0.80	1
2.773	36.58	269.44	-656.89	710.94	-0.61	-0.51	0.07	0.80	1
2.782	35.33	270.80	-647.97	703.17	-0.61	-0.50	0.09	0.79	1
2.792	32.91	270.87	-638.35	694.22	-0.60	-0.48	0.09	0.77	1
2.801	29.88	267.71	-633.69	688.57	-0.60	-0.48	0.07	0.77	1
2.811	27.70	264.79	-629.68	683.65	-0.60	-0.47	0.06	0.77	1
2.820	25.89	261.68	-625.17	678.22	-0.60	-0.47	0.05	0.76	1
2.829	23.91	259.92	-619.67	672.40	-0.60	-0.47	0.05	0.76	1
2.839	19.42	254.06	-617.04	667.58	-0.60	-0.47	0.04	0.76	1
2.848	15.74	248.46	-615.28	663.74	-0.60	-0.47	0.03	0.77	1
2.858	12.80	246.50	-607.49	655.72	-0.62	-0.47	0.03	0.78	1
2.867	10.87	244.18	-602.15	649.87	-0.62	-0.47	0.03	0.78	1
2.876	8.21	239.52	-600.15	646.24	-0.63	-0.48	0.03	0.79	1
2.886	5.86	236.69	-595.89	641.20	-0.64	-0.48	0.03	0.80	1
2.895	2.94	232.92	-591.37	635.59	-0.64	-0.49	0.02	0.80	1
2.905	-1.18	226.61	-586.55	628.80	-0.65	-0.48	0.01	0.81	1
2.914	-3.71	222.44	-577.72	619.08	-0.64	-0.47	0.01	0.80	1
2.924	-5.05	218.88	-569.54	610.17	-0.64	-0.46	0.02	0.79	1
2.933	-6.74	215.91	-561.85	601.95	-0.64	-0.45	0.01	0.78	1
2.943	-9.86	210.31	-557.27	595.71	-0.63	-0.46	0.01	0.78	1
2.952	-11.50	208.68	-546.74	585.33	-0.62	-0.45	0.02	0.77	1
2.962	-13.60	203.19	-539.98	577.11	-0.62	-0.45	0.02	0.77	1
2.971	-14.90	196.12	-533.97	569.04	-0.63	-0.43	0.02	0.76	1
2.981	-19.16	188.04	-529.34	562.08	-0.63	-0.43	-0.01	0.76	1
2.991	-28.63	182.28	-525.46	556.91	-0.64	-0.43	-0.02	0.77	1
3.000	-38.74	176.13	-523.04	553.26	-0.66	-0.44	-0.03	0.80	1
3.010	-44.96	170.61	-520.23	549.34	-0.68	-0.44	-0.03	0.81	1
3.019	-46.80	165.36	-515.95	543.82	-0.69	-0.43	-0.01	0.82	1
3.029	-48.10	162.41	-507.73	535.24	-0.70	-0.41	0.00	0.81	1
3.039	-50.24	159.79	-498.21	525.61	-0.70	-0.38	0.00	0.80	1
3.048	-50.65	157.07	-490.53	517.55	-0.71	-0.36	0.02	0.80	1
3.058	-52.93	150.48	-486.51	511.99	-0.72	-0.36	0.01	0.80	1
3.068	-57.02	146.34	-483.78	508.64	-0.74	-0.36	0.02	0.82	1
3.077	-61.54	143.15	-478.93	503.64	-0.75	-0.35	0.02	0.83	1
3.087	-67.22	138.56	-477.89	502.09	-0.77	-0.35	0.03	0.85	1
3.097	-71.67	132.85	-475.44	498.82	-0.78	-0.35	0.04	0.86	1
3.106	-75.32	126.98	-471.28	493.86	-0.81	-0.35	0.04	0.88	1
3.116	-78.15	120.27	-465.68	487.27	-0.82	-0.34	0.04	0.89	1
3.126	-79.87	112.97	-460.85	481.17	-0.82	-0.34	0.05	0.89	1
3.135	-81.47	103.87	-453.91	472.72	-0.83	-0.33	0.03	0.89	1
3.145	-85.19	89.97	-453.40	470.03	-0.84	-0.35	0.00	0.91	1
3.155	-91.04	75.12	-456.09	471.11	-0.86	-0.38	-0.01	0.94	1
3.165	-94.43	66.33	-452.34	466.83	-0.86	-0.39	0.01	0.94	1
3.174	-96.60	60.63	-444.36	458.76	-0.85	-0.36	0.03	0.92	1
3.184	-99.22	55.57	-434.73	449.36	-0.85	-0.34	0.04	0.91	1
3.194	-102.49	49.23	-425.69	440.61	-0.84	-0.33	0.05	0.90	1
3.204	-104.39	43.51	-416.22	431.31	-0.84	-0.31	0.05	0.90	1
3.214	-103.34	40.78	-405.39	420.33	-0.85	-0.31	0.07	0.90	1
3.224	-100.52	45.08	-386.68	402.07	-0.84	-0.26	0.09	0.89	1
3.233	-99.98	48.34	-373.03	389.21	-0.85	-0.23	0.11	0.89	1
3.243	-102.24	42.84	-373.17	389.28	-0.87	-0.27	0.12	0.92	1
3.253	-101.86	39.46	-369.53	385.34	-0.88	-0.28	0.12	0.93	1
3.263	-101.49	36.48	-364.30	379.92	-0.88	-0.29	0.14	0.94	1
3.273	-103.46	27.82	-363.94	379.38	-0.88	-0.31	0.14	0.95	1
3.283	-104.44	19.31	-362.71	377.94	-0.88	-0.33	0.15	0.95	1
3.293	-102.11	18.80	-350.85	365.89	-0.85	-0.29	0.16	0.91	1
3.302	-101.98	13.45	-344.33	359.36	-0.84	-0.28	0.16	0.90	1
3.312	-101.10	11.47	-332.56	347.78	-0.83	-0.26	0.17	0.88	1
3.322	-103.08	5.39	-327.26	343.15	-0.84	-0.25	0.18	0.89	1
3.332	-102.81	5.05	-317.35	333.63	-0.82	-0.24	0.19	0.88	1
3.342	-103.15	1.19	-313.46	330.00	-0.83	-0.24	0.21	0.88	1
3.352	-103.24	-0.75	-305.39	322.37	-0.82	-0.21	0.21	0.88	1
3.362	-102.47	-2.60	-297.21	314.39	-0.81	-0.20	0.22	0.86	1
3.372	-103.65	-10.22	-294.53	312.40	-0.80	-0.20	0.22	0.86	1
3.382	-103.39	-14.33	-286.78	305.18	-0.79	-0.19	0.22	0.84	1
3.392	-103.90	-20.76	-281.92	301.18	-0.77	-0.21	0.22	0.83	1
3.402	-105.20	-29.85	-282.01	302.47	-0.77	-0.23	0.22	0.84	1
3.412	-107.28	-41.76	-285.13	307.49	-0.76	-0.28	0.22	0.84	1
3.422	-108.30	-50.41	-284.67	308.72	-0.73	-0.31	0.22	0.82	1
3.432	-109.77	-58.58	-282.76	308.93	-0.71	-0.34	0.22	0.82	1
3.442	-110.46	-66.21	-278.52	306.85	-0.68	-0.37	0.20	0.80	1
3.452	-109.85	-72.24	-272.78	302.81	-0.65	-0.39	0.19	0.78	1
3.462	-109.12	-78.56	-268.82	300.57	-0.62	-0.41	0.18	0.77	1
3.472	-108.02	-84.48	-266.13	299.38	-0.61	-0.44	0.19	0.77	1
3.482	-107.33	-89.98	-263.39	298.31	-0.58	-0.47	0.19	0.77	1
3.492	-107.15	-94.25	-257.58	294.47	-0.55	-0.48	0.17	0.75	1
3.502	-106.11	-94.80	-247.43	285.42	-0.52	-0.48	0.16	0.73	1
3.513	-103.46	-92.01	-234.96	272.72	-0.50	-0.45	0.15	0.69	1
3.523	-101.56	-91.01	-224.28	262.49	-0.48	-0.43	0.14	0.66	1
3.533	-99.54	-88.66	-215.03	253.00	-0.46	-0.41	0.15	0.63	1
3.543	-100.07	-92.93	-213.77	253.67	-0.45	-0.41	0.15	0.63	1
3.553	-100.06	-96.62	-212.90	254.31	-0.44	-0.41	0.15	0.62	1
3.563	-98.52	-94.75	-205.96	247.19	-0.42	-0.39	0.15	0.59	1
3.573	-96.98	-92.45	-197.99	239.06	-0.41	-0.35	0.14	0.56	1
3.583	-95.37	-88.75	-190.33	230.65	-0.41	-0.32	0.14	0.53	1
3.593	-96.02	-90.66	-189.49	230.97	-0.40	-0.30	0.14	0.52	1
3.603	-97.62	-94.23	-191.87	235.00	-0.40	-0.31	0.15	0.53	1
3.613	-99.61	-97.40	-193.09	238.10	-0.41	-0.31	0.16	0.54	1
3.624	-100.58	-97.66	-190.09	236.20	-0.40	-0.30	0.16	0.52	1
3.634	-102.11	-100.89	-188.39	236.84	-0.40	-0.30	0.14	0.53	1
3.644	-102.25	-99.63	-185.11	233.77	-0.40	-0.29	0.15	0.52	1
3.654	-104.53	-104.24	-188.05	239.07	-0.40	-0.29	0.14	0.51	1
3.664	-107.25	-109.17	-193.65	246.82	-0.39	-0.31	0.16	0.52	1
3.674	-110.06	-113.27	-198.07	253.33	-0.38	-0.32	0.16	0.52	1
3.684	-111.50	-111.94	-197.57	252.97	-0.37	-0.30	0.15	0.50	1
3.694	-112.90	-110.35	-195.44	251.24	-0.36	-0.28	0.13	0.47	1
3.704	-113.43	-105.43	-191.54	246.31	-0.36	-0.24	0.12	0.45	1
3.714	-113.44	-99.12	-188.51	241.31	-0.35	-0.19	0.12	0.42	1
3.724	-114.17	-93.72	-187.42	238.63	-0.35	-0.15	0.13	0.40	1
3.734	-115.89	-91.80	-189.07	240.01	-0.35	-0.12	0.14	0.40	1
3.744	-118.45	-92.26	-192.81	244.37	-0.36	-0.11	0.14	0.40	1
3.754	-121.63	-94.49	-198.27	251.07	-0.36	-0.11	0.15	0.41	1
3.764	-125.49	-98.16	-205.16	259.76	-0.37	-0.11	0.16	0.42	1
3.774	-128.71	-100.42	-211.64	267.28	-0.37	-0.10	0.18	0.42	1
3.784	-133.46	-106.71	-220.98	279.34	-0.38	-0.10	0.20	0.44	1
3.794	-138.53	-113.79	-230.10	291.70	-0.37	-0.11	0.21	0.44	1
3.804	-140.87	-113.48	-232.02	294.20	-0.37	-0.09	0.22	0.44	1
3.814	-142.50	-112.62	-232.47	295.02	-0.36	-0.06	0.22	0.43	1
3.824	-141.85	-109.58	-231.61	292.87	-0.35	-0.03	0.21	0.41	1
3.834	-141.31	-110.33	-233.22	294.16	-0.34	-0.01	0.21	0.40	1
3.844	-143.86	-114.77	-238.07	300.90	-0.33	-0.01	0.21	0.40	1
3.854	-145.87	-109.62	-236.41	298.64	-0.33	0.02	0.21	0.39	1
3.864	-145.03	-99.23	-230.95	290.20	-0.32	0.08	0.21	0.39	1
3.874	-144.41	-96.76	-230.04	288.33	-0.31	0.10	0.21	0.39	1
3.884	-145.67	-103.32	-233.08	293.63	-0.31	0.08	0.21	0.39	1
3.894	-147.02	-111.84	-235.17	299.05	-0.32	0.06	0.20	0.38	1
3.904	-147.77	-116.55	-236.00	301.86	-0.33	0.04	0.19	0.38	1
3.914	-148.52	-118.36	-236.59	303.39	-0.32	0.04	0.19	0.37	1
3.924	-148.81	-118.73	-236.15	303.32	-0.31	0.05	0.19	0.36	1
3.934	-149.39	-122.16	-236.50	305.25	-0.30	0.04	0.18	0.35	1
3.944	-150.00	-124.06	-236.59	306.38	-0.29	0.02	0.17	0.34	1
3.954	-150.50	-121.98	-235.50	304.94	-0.27	0.03	0.16	0.31	1
3.964	-149.61	-116.86	-231.49	299.38	-0.25	0.04	0.16	0.30	1
3.974	-148.29	-114.91	-227.82	295.11	-0.23	0.04	0.14	0.27	1
3.984	-145.90	-113.01	-224.60	290.69	-0.20	0.03	0.14	0.25	1
3.994	-143.32	-111.02	-221.74	286.42	-0.18	0.03	0.13	0.22	1
4.004	-143.47	-115.61	-223.49	289.64	-0.15	-0.01	0.12	0.19	1
4.014	-141.99	-114.46	-219.69	285.53	-0.14	-0.03	0.11	0.18	1
4.024	-141.91	-115.01	-216.10	282.96	-0.13	-0.06	0.09	0.16	1
4.034	-139.23	-109.54	-208.64	273.71	-0.11	-0.07	0.06	0.14	1
4.044	-134.82	-103.42	-201.03	263.22	-0.09	-0.07	0.04	0.12	1
4.054	-131.91	-105.39	-199.26	261.17	-0.07	-0.12	0.03	0.14	1
4.064	-128.35	-104.19	-196.74	256.98	-0.05	-0.14	0.02	0.15	1
4.074	-127.19	-105.48	-197.73	257.68	-0.03	-0.19	0.01	0.19	1
4.084	-128.67	-113.26	-203.89	266.37	-0.02	-0.26	0.02	0.26	1
4.094	-130.53	-124.69	-210.56	277.34	-0.02	-0.34	0.01	0.34	1
4.104	-132.52	-132.50	-216.87	286.62	-0.01	-0.41	0.01	0.41	1
4.114	-135.10	-136.70	-221.73	293.43	-0.00	-0.47	0.02	0.47	1
4.124	-135.93	-138.16	-223.27	295.66	0.01	-0.52	0.02	0.52	1
4.134	-133.81	-135.28	-220.39	291.17	0.02	-0.54	0.01	0.54	1
4.144	-131.09	-132.73	-215.73	285.20	0.03	-0.56	-0.01	0.56	1
4.154	-127.66	-127.24	-209.03	276.01	0.04	-0.56	-0.04	0.56	1
4.165	-124.41	-122.29	-202.89	267.58	0.05	-0.56	-0.06	0.56	1
4.175	-121.72	-118.10	-197.55	260.36	0.07	-0.56	-0.07	0.57	1
4.185	-118.96	-111.90	-191.44	251.64	0.09	-0.55	-0.09	0.57	1
4.195	-117.10	-108.02	-186.79	245.50	0.10	-0.55	-0.10	0.56	1
4.205	-115.74	-106.06	-182.92	241.05	0.11	-0.56	-0.13	0.59	1
4.215	-114.87	-105.01	-179.97	237.93	0.12	-0.57	-0.16	0.60	1
4.225	-115.60	-105.33	-180.40	238.75	0.12	-0.60	-0.18	0.64	1
4.235	-118.51	-112.78	-187.82	249.08	0.12	-0.66	-0.19	0.69	1
4.245	-121.67	-122.66	-198.02	262.80	0.12	-0.74	-0.20	0.77	1
4.255	-123.44	-128.11	-207.85	273.59	0.12	-0.81	-0.21	0.84	1
4.265	-125.89	-135.04	-219.58	286.88	0.13	-0.87	-0.21	0.91	1
4.275	-128.63	-142.85	-232.16	301.41	0.14	-0.95	-0.22	0.98	1
4.285	-129.91	-146.66	-241.09	310.66	0.15	-1.01	-0.24	1.05	1
4.295	-129.39	-145.59	-245.43	313.33	0.17	-1.05	-0.26	1.09	1
4.305	-128.75	-142.33	-247.61	313.28	0.19	-1.07	-0.28	1.12	1
4.315	-129.20	-140.46	-250.86	315.21	0.21	-1.10	-0.31	1.16	1
4.325	-130.07	-138.85	-253.56	317.00	0.22	-1.12	-0.34	1.19	1
4.335	-128.50	-129.69	-249.25	308.96	0.24	-1.11	-0.38	1.20	1
4.345	-125.29	-117.21	-243.50	297.87	0.27	-1.09	-0.40	1.19	1
4.355	-120.25	-101.37	-238.14	285.38	0.31	-1.07	-0.40	1.18	1
4.365	-115.51	-86.42	-233.38	274.37	0.34	-1.05	-0.40	1.18	1
4.375	-111.59	-74.63	-230.30	266.57	0.36	-1.05	-0.42	1.19	1
4.385	-110.60	-73.15	-236.28	270.94	0.37	-1.10	-0.44	1.24	1
4.395	-109.91	-75.06	-245.49	279.25	0.39	-1.15	-0.47	1.30	1
4.405	-109.75	-77.69	-254.88	288.18	0.39	-1.20	-0.49	1.35	1
4.415	-106.29	-68.71	-254.18	283.95	0.41	-1.21	-0.49	1.37	1
4.425	-103.11	-58.91	-252.37	278.92	0.43	-1.19	-0.50	1.36	1
4.435	-101.45	-54.33	-255.02	279.79	0.44	-1.20	-0.51	1.37	1
4.445	-100.83	-53.23	-262.31	286.01	0.44	-1.21	-0.53	1.39	1
4.455	-98.37	-44.83	-264.66	285.89	0.45	-1.20	-0.53	1.38	1
4.465	-95.79	-35.12	-264.40	283.40	0.44	-1.17	-0.51	1.35	1
4.475	-94.91	-31.86	-270.76	288.68	0.40	-1.16	-0.50	1.33	1
4.485	-91.68	-19.71	-264.38	280.52	0.36	-1.09	-0.46	1.24	1
4.495	-89.96	-14.86	-266.35	281.53	0.29	-1.04	-0.42	1.16	1
4.505	-85.99	-1.03	-254.23	268.38	0.19	-0.92	-0.35	1.01	1
4.515	-85.89	1.95	-253.74	267.89	0.06	-0.83	-0.29	0.88	1
4.525	-86.58	9.52	-256.39	270.78	-0.05	-0.75	-0.24	0.79	1
4.535	-90.32	6.60	-270.42	285.18	-0.13	-0.74	-0.21	0.79	1
4.545	-91.65	10.76	-276.37	291.37	-0.18	-0.72	-0.20	0.77	1
4.555	-92.08	13.83	-283.38	298.28	-0.21	-0.72	-0.20	0.77	1
4.564	-91.07	20.04	-287.03	301.79	-0.22	-0.70	-0.19	0.76	1
4.574	-90.94	21.39	-295.91	310.31	-0.23	-0.72	-0.20	0.78	1
4.584	-87.66	33.34	-294.62	309.19	-0.22	-0.70	-0.20	0.76	1
4.594	-88.72	32.70	-307.92	322.12	-0.23	-0.75	-0.23	0.81	1
4.604	-87.99	38.13	-312.71	327.09	-0.22	-0.75	-0.24	0.82	1
4.614	-86.14	48.85	-313.22	328.51	-0.22	-0.76	-0.24	0.82	1
4.624	-87.08	50.82	-324.43	339.74	-0.22	-0.80	-0.24	0.87	1
4.634	-89.63	49.86	-336.28	351.57	-0.23	-0.85	-0.28	0.92	1
4.643	-89.92	56.04	-337.61	353.84	-0.22	-0.85	-0.30	0.93	1
4.653	-88.14	66.04	-336.58	354.14	-0.21	-0.84	-0.32	0.92	1
4.663	-84.30	78.78	-333.74	353.12	-0.19	-0.83	-0.30	0.90	1
4.673	-81.99	87.01	-337.26	357.82	-0.20	-0.83	-0.30	0.90	1
4.683	-81.21	91.73	-345.92	366.97	-0.20	-0.85	-0.31	0.93	1
4.692	-81.16	96.26	-354.09	375.81	-0.21	-0.87	-0.32	0.95	1
4.702	-80.44	101.17	-361.68	384.08	-0.21	-0.88	-0.34	0.96	1
4.712	-78.25	106.27	-370.78	393.56	-0.21	-0.89	-0.33	0.98	1
4.722	-76.26	110.34	-382.72	405.54	-0.22	-0.92	-0.32	0.99	1
4.731	-74.86	114.90	-392.06	415.35	-0.22	-0.94	-0.30	1.01	1
4.741	-72.86	120.26	-395.20	419.47	-0.23	-0.93	-0.31	1.01	1
4.751	-69.61	125.93	-396.61	421.91	-0.23	-0.92	-0.30	0.99	1
4.761	-67.78	128.19	-402.62	427.94	-0.24	-0.92	-0.28	0.99	1
4.770	-66.55	131.15	-405.07	430.94	-0.26	-0.90	-0.29	0.98	1
4.780	-63.28	135.99	-406.41	433.20	-0.25	-0.89	-0.27	0.96	1
4.790	-60.14	137.90	-414.78	441.22	-0.27	-0.89	-0.26	0.97	1
4.799	-56.86	142.70	-419.42	446.67	-0.28	-0.88	-0.25	0.96	1
4.809	-53.13	149.59	-421.94	450.81	-0.27	-0.86	-0.23	0.93	1
4.819	-50.71	155.35	-430.84	460.79	-0.29	-0.85	-0.22	0.93	1
4.828	-47.67	162.87	-438.03	469.76	-0.30	-0.83	-0.21	0.91	1
4.838	-42.85	172.32	-447.48	481.42	-0.32	-0.81	-0.18	0.89	1
4.848	-40.18	180.30	-458.41	494.23	-0.35	-0.79	-0.16	0.88	1
4.857	-40.62	183.61	-477.31	513.02	-0.39	-0.80	-0.16	0.90	1
4.867	-40.09	187.02	-495.01	530.68	-0.42	-0.80	-0.17	0.92	1
4.876	-38.25	191.43	-510.79	546.82	-0.45	-0.79	-0.16	0.92	1
4.886	-35.14	196.60	-523.26	560.08	-0.46	-0.79	-0.16	0.93	1
4.896	-33.12	199.00	-537.54	574.15	-0.48	-0.79	-0.17	0.94	1
4.905	-31.49	202.14	-550.59	587.37	-0.50	-0.79	-0.16	0.95	1
4.915	-29.43	205.48	-563.63	600.64	-0.51	-0.79	-0.16	0.95	1
4.924	-26.95	209.06	-575.71	613.08	-0.51	-0.79	-0.15	0.95	1
4.934	-22.47	215.58	-583.03	622.02	-0.50	-0.77	-0.13	0.93	1
4.943	-18.32	223.72	-586.91	628.37	-0.49	-0.74	-0.11	0.89	1
4.952	-17.56	226.29	-597.62	639.27	-0.48	-0.74	-0.12	0.90	1
4.962	-16.19	229.84	-607.74	649.95	-0.47	-0.75	-0.12	0.89	1
4.971	-12.88	234.33	-614.32	657.62	-0.46	-0.74	-0.12	0.88	1
4.981	-8.76	240.26	-619.38	664.41	-0.44	-0.72	-0.12	0.85	1
4.990	-6.58	241.33	-630.56	675.19	-0.43	-0.74	-0.13	0.87	1
4.999	-4.96	243.69	-640.31	685.13	-0.42	-0.74	-0.13	0.86	1
5.009	-2.16	247.60	-647.44	693.17	-0.40	-0.74	-0.13	0.85	1
5.018	0.82	252.07	-656.05	702.81	-0.38	-0.76	-0.12	0.85	1
5.028	2.34	254.15	-666.01	712.86	-0.37	-0.76	-0.12	0.85	1
5.037	4.06	255.05	-674.71	721.32	-0.35	-0.78	-0.13	0.86	1
5.046	6.40	256.69	-681.07	727.86	-0.32	-0.77	-0.13	0.84	1
5.056	8.26	257.03	-691.57	737.84	-0.30	-0.78	-0.14	0.85	1
5.065	9.28	257.77	-701.97	747.86	-0.29	-0.79	-0.16	0.86	1
5.074	9.60	258.66	-713.11	758.63	-0.27	-0.80	-0.18	0.87	1
5.083	10.04	259.88	-723.67	768.99	-0.25	-0.81	-0.19	0.87	1
5.093	10.76	261.19	-734.14	779.29	-0.23	-0.82	-0.20	0.88	1
5.102	12.90	266.60	-739.10	785.82	-0.21	-0.82	-0.18	0.86	1
5.111	12.98	268.77	-747.46	794.42	-0.19	-0.84	-0.18	0.88	1
5.120	15.99	271.67	-754.22	801.82	-0.18	-0.84	-0.17	0.88	1
5.130	22.49	271.97	-762.35	809.72	-0.16	-0.84	-0.16	0.87	1
5.139	29.70	274.42	-767.49	815.61	-0.15	-0.85	-0.15	0.88	1
5.148	32.35	276.59	-774.13	822.69	-0.13	-0.86	-0.13	0.88	1
5.157	31.30	277.50	-781.01	829.44	-0.12	-0.87	-0.15	0.89	1
5.166	32.77	282.29	-782.18	832.21	-0.10	-0.86	-0.14	0.87	1
5.176	36.59	285.66	-787.43	838.44	-0.08	-0.86	-0.13	0.88	1
5.185	38.91	288.87	-789.97	842.02	-0.08	-0.87	-0.14	0.88	1
5.194	40.65	290.67	-794.19	846.69	-0.06	-0.87	-0.14	0.88	1
5.203	40.29	290.81	-798.68	850.93	-0.07	-0.88	-0.15	0.89	1
5.212	41.15	291.64	-802.57	854.91	-0.06	-0.88	-0.15	0.89	1
5.221	42.48	294.51	-802.12	855.53	-0.05	-0.87	-0.14	0.89	1
5.231	43.45	295.42	-803.89	857.55	-0.06	-0.87	-0.15	0.88	1
5.240	46.08	299.30	-801.05	856.38	-0.05	-0.87	-0.15	0.88	1
5.249	47.27	301.60	-799.58	855.88	-0.05	-0.85	-0.15	0.87	1
5.258	48.77	304.77	-797.05	854.72	-0.06	-0.86	-0.14	0.87	1
5.267	49.63	308.65	-792.85	852.26	-0.07	-0.84	-0.14	0.85	1
5.276	50.00	309.33	-793.59	853.21	-0.08	-0.86	-0.15	0.87	1
5.285	52.47	313.21	-789.64	851.11	-0.08	-0.86	-0.13	0.87	1
5.295	53.19	312.42	-791.52	852.61	-0.10	-0.86	-0.14	0.88	1
5.304	53.68	312.03	-793.80	854.61	-0.11	-0.88	-0.14	0.90	1
5.313	54.03	314.13	-790.08	851.95	-0.13	-0.88	-0.12	0.90	1
5.322	53.83	313.17	-790.91	852.36	-0.16	-0.88	-0.13	0.91	1
5.331	55.58	315.88	-786.10	849.02	-0.19	-0.89	-0.10	0.91	1
5.340	56.92	316.88	-783.01	846.61	-0.23	-0.89	-0.10	0.92	1
5.349	57.29	315.53	-784.24	847.27	-0.28	-0.90	-0.08	0.95	1
5.359	57.50	314.44	-783.94	846.60	-0.33	-0.90	-0.08	0.96	1
5.368	57.28	313.04	-783.51	845.67	-0.38	-0.91	-0.07	0.99	1
5.377	56.37	311.13	-782.65	844.11	-0.43	-0.91	-0.08	1.01	1
5.386	54.59	306.86	-784.88	844.50	-0.48	-0.92	-0.09	1.04	1
5.395	52.52	301.73	-784.59	842.25	-0.51	-0.91	-0.10	1.05	1
5.405	52.19	301.78	-777.64	835.78	-0.54	-0.89	-0.10	1.05	1
5.414	51.74	301.59	-772.59	830.98	-0.56	-0.87	-0.09	1.04	1
5.423	51.11	302.09	-765.27	824.33	-0.58	-0.85	-0.09	1.03	1
5.432	49.66	301.14	-759.90	818.90	-0.59	-0.84	-0.09	1.03	1
5.441	48.87	298.61	-757.53	815.72	-0.61	-0.84	-0.08	1.04	1
5.451	48.31	296.55	-753.04	810.77	-0.64	-0.81	-0.07	1.04	1
5.460	46.96	294.63	-749.36	806.57	-0.66	-0.81	-0.06	1.05	1
5.469	44.93	292.10	-746.69	803.05	-0.68	-0.81	-0.04	1.06	1
5.478	41.63	286.90	-748.50	802.68	-0.71	-0.81	-0.04	1.08	1
5.488	39.73	283.58	-746.03	799.09	-0.73	-0.81	-0.02	1.09	1
5.497	36.74	278.31	-746.06	797.13	-0.76	-0.82	-0.02	1.11	1
5.506	33.80	273.34	-744.11	793.45	-0.77	-0.82	-0.03	1.13	1
5.516	31.75	270.28	-737.22	785.85	-0.78	-0.81	-0.03	1.13	1
5.525	29.22	266.75	-728.84	776.67	-0.78	-0.80	-0.02	1.12	1
5.534	27.08	264.83	-716.29	764.16	-0.78	-0.77	-0.01	1.10	1
5.543	25.36	263.07	-701.15	749.30	-0.77	-0.73	0.00	1.06	1
5.553	23.53	260.08	-689.04	736.87	-0.77	-0.69	0.01	1.03	1
5.562	21.26	256.57	-677.49	724.75	-0.77	-0.65	0.02	1.00	1
5.572	17.91	251.69	-668.89	714.90	-0.78	-0.61	0.03	0.99	1
5.581	13.00	243.73	-663.01	706.51	-0.78	-0.57	0.03	0.97	1
5.590	8.45	235.08	-658.06	698.84	-0.77	-0.55	0.02	0.95	1
5.600	5.54	230.43	-646.80	686.64	-0.76	-0.51	0.02	0.91	1
5.609	1.59	226.04	-634.49	673.56	-0.74	-0.47	0.02	0.88	1
5.619	-1.13	224.20	-618.40	657.79	-0.72	-0.43	0.04	0.84	1
5.628	-2.53	224.58	-599.95	640.61	-0.69	-0.39	0.05	0.80	1
5.638	-6.22	220.79	-588.00	628.12	-0.70	-0.38	0.06	0.80	1
5.647	-11.68	213.08	-582.71	620.55	-0.72	-0.40	0.04	0.82	1
5.657	-15.08	208.92	-571.98	609.13	-0.71	-0.39	0.05	0.81	1
5.666	-17.84	203.67	-563.45	599.39	-0.72	-0.38	0.05	0.82	1
5.676	-20.11	197.92	-555.58	590.12	-0.73	-0.37	0.05	0.82	1
5.685	-22.52	192.27	-548.07	581.25	-0.73	-0.37	0.05	0.82	1
5.695	-25.18	185.24	-541.88	573.22	-0.73	-0.37	0.06	0.82	1
5.704	-27.53	177.09	-537.19	566.30	-0.73	-0.39	0.06	0.82	1
5.714	-29.13	172.30	-526.42	554.66	-0.73	-0.37	0.06	0.82	1
5.724	-34.52	166.32	-517.73	544.89	-0.73	-0.34	0.04	0.81	1
5.733	-40.26	162.28	-508.16	534.96	-0.73	-0.33	0.06	0.81	1
5.743	-46.71	155.89	-501.19	526.95	-0.74	-0.34	0.06	0.82	1
5.753	-51.67	151.33	-490.59	516.00	-0.74	-0.32	0.05	0.81	1
5.762	-53.92	146.77	-481.77	506.51	-0.75	-0.32	0.06	0.82	1
5.772	-56.39	140.71	-474.19	497.83	-0.76	-0.31	0.05	0.82	1
5.782	-59.96	131.15	-473.61	495.08	-0.77	-0.33	0.03	0.84	1
5.791	-63.09	124.67	-470.10	490.42	-0.78	-0.34	0.04	0.85	1
5.801	-66.89	117.11	-467.49	486.56	-0.78	-0.34	0.02	0.85	1
5.811	-70.15	110.43	-464.26	482.34	-0.79	-0.34	0.03	0.86	1
5.820	-72.28	105.40	-457.73	475.24	-0.78	-0.32	0.03	0.85	1
5.830	-76.21	94.32	-452.62	468.58	-0.78	-0.32	0.01	0.85	1
5.840	-82.23	78.33	-451.86	465.91	-0.79	-0.34	-0.02	0.86	1
5.850	-88.25	64.60	-449.74	462.85	-0.81	-0.35	-0.04	0.89	1
5.859	-93.17	54.28	-443.24	456.17	-0.82	-0.36	-0.04	0.89	1
5.869	-94.77	51.52	-428.84	442.20	-0.83	-0.33	0.00	0.89	1
5.879	-93.52	53.68	-408.87	422.85	-0.82	-0.28	0.03	0.86	1
5.889	-90.77	55.26	-389.21	403.45	-0.81	-0.23	0.06	0.84	1
5.899	-89.09	55.78	-372.91	387.44	-0.80	-0.20	0.08	0.83	1
5.909	-90.58	50.00	-366.56	380.88	-0.81	-0.22	0.09	0.84	1
5.919	-90.10	48.03	-355.03	369.42	-0.80	-0.21	0.10	0.83	1
5.928	-90.10	46.54	-344.10	358.73	-0.80	-0.21	0.10	0.83	1
5.938	-92.57	40.42	-341.92	356.53	-0.80	-0.24	0.10	0.84	1
5.948	-93.81	39.52	-334.50	349.65	-0.79	-0.23	0.13	0.84	1
5.958	-98.11	32.27	-333.71	349.33	-0.80	-0.25	0.14	0.85	1
5.968	-99.70	26.18	-328.85	344.62	-0.79	-0.24	0.16	0.84	1
5.978	-101.11	19.98	-322.86	338.91	-0.78	-0.23	0.16	0.83	1
5.988	-99.61	16.30	-314.18	330.00	-0.77	-0.21	0.18	0.82	1
5.998	-97.51	14.53	-301.79	317.48	-0.75	-0.19	0.19	0.80	1
6.008	-94.95	13.06	-289.67	305.11	-0.73	-0.17	0.20	0.78	1
6.018	-95.47	5.43	-284.05	299.72	-0.73	-0.17	0.19	0.77	1
6.028	-95.65	0.06	-275.60	291.73	-0.73	-0.17	0.19	0.77	1
6.038	-95.03	-2.11	-265.05	281.58	-0.73	-0.16	0.19	0.77	1
6.048	-95.97	-7.81	-261.53	278.69	-0.73	-0.17	0.21	0.78	1
6.058	-98.74	-16.27	-263.31	281.69	-0.73	-0.19	0.23	0.79	1
6.068	-102.07	-25.62	-265.44	285.54	-0.73	-0.22	0.25	0.81	1
6.078	-104.39	-33.85	-266.27	288.00	-0.73	-0.23	0.28	0.82	1
6.088	-105.59	-39.88	-263.94	287.06	-0.73	-0.23	0.29	0.82	1
6.098	-105.17	-43.14	-257.74	281.69	-0.72	-0.21	0.31	0.81	1
6.108	-105.36	-46.90	-253.88	278.85	-0.71	-0.20	0.32	0.81	1
6.118	-105.89	-51.31	-250.44	276.71	-0.70	-0.20	0.31	0.80	1
6.128	-107.14	-57.89	-248.64	276.86	-0.69	-0.22	0.30	0.78	1
6.138	-107.93	-63.57	-244.82	275.01	-0.67	-0.24	0.28	0.77	1
6.148	-108.51	-67.49	-237.54	269.73	-0.65	-0.26	0.25	0.74	1
6.158	-109.16	-69.52	-227.88	262.07	-0.63	-0.26	0.22	0.72	1
6.168	-107.82	-66.63	-215.19	249.74	-0.61	-0.25	0.20	0.69	1
6.178	-107.70	-66.10	-205.05	240.86	-0.59	-0.25	0.20	0.67	1
6.188	-107.76	-65.62	-197.32	234.20	-0.58	-0.23	0.19	0.65	1
6.198	-109.76	-69.61	-195.65	234.89	-0.57	-0.24	0.21	0.66	1
6.209	-114.40	-81.93	-201.85	246.05	-0.57	-0.28	0.21	0.67	1
6.219	-116.62	-89.43	-206.56	253.51	-0.57	-0.31	0.23	0.69	1
6.229	-118.29	-97.34	-210.49	260.34	-0.55	-0.35	0.25	0.69	1
6.239	-119.66	-105.10	-213.02	265.97	-0.54	-0.38	0.24	0.70	1
6.249	-118.56	-108.69	-210.98	265.29	-0.52	-0.41	0.23	0.70	1
6.259	-115.16	-106.67	-203.81	257.25	-0.50	-0.39	0.21	0.67	1
6.269	-110.68	-101.15	-194.58	245.64	-0.48	-0.36	0.20	0.63	1
6.279	-107.44	-99.51	-186.92	237.46	-0.47	-0.34	0.19	0.61	1
6.289	-105.86	-100.99	-180.87	232.63	-0.47	-0.32	0.18	0.59	1
6.299	-103.89	-101.00	-175.61	227.67	-0.45	-0.30	0.18	0.57	1
6.309	-103.95	-104.34	-175.25	228.92	-0.44	-0.28	0.19	0.55	1
6.319	-106.11	-113.55	-179.78	237.64	-0.44	-0.30	0.21	0.57	1
6.329	-107.75	-121.89	-184.28	245.82	-0.42	-0.32	0.22	0.57	1
6.339	-108.71	-128.75	-187.04	251.75	-0.43	-0.33	0.21	0.58	1
6.349	-108.31	-129.44	-185.84	251.04	-0.42	-0.32	0.22	0.57	1
6.360	-108.65	-132.71	-184.55	251.95	-0.43	-0.30	0.19	0.56	1
6.370	-107.92	-130.54	-180.93	247.84	-0.42	-0.27	0.18	0.53	1
6.380	-106.63	-125.92	-177.22	242.14	-0.41	-0.23	0.17	0.50	1
6.390	-107.25	-123.54	-175.84	240.17	-0.41	-0.21	0.18	0.49	1
6.400	-109.20	-126.06	-177.85	243.82	-0.41	-0.21	0.17	0.49	1
6.410	-113.29	-136.43	-184.68	256.04	-0.41	-0.24	0.16	0.50	1
6.420	-117.53	-146.14	-192.58	268.80	-0.42	-0.28	0.14	0.52	1
6.430	-121.52	-150.83	-199.32	277.93	-0.39	-0.30	0.14	0.51	1
6.440	-125.27	-153.85	-206.11	286.08	-0.36	-0.30	0.14	0.49	1
6.450	-128.14	-155.72	-212.48	292.95	-0.33	-0.31	0.12	0.47	1
6.460	-129.80	-153.75	-218.28	296.87	-0.29	-0.30	0.10	0.43	1
6.470	-131.52	-150.72	-223.99	300.31	-0.24	-0.29	0.08	0.39	1
6.480	-132.97	-147.19	-230.56	304.14	-0.19	-0.28	0.07	0.34	1
6.490	-137.05	-151.21	-240.20	315.18	-0.16	-0.31	0.05	0.35	1
6.500	-139.68	-148.52	-245.70	319.28	-0.13	-0.30	0.03	0.33	1
6.510	-141.64	-146.39	-251.19	323.40	-0.10	-0.30	0.02	0.32	1
6.520	-145.26	-149.38	-258.36	331.91	-0.08	-0.32	0.00	0.33	1
6.530	-147.03	-145.54	-262.54	334.26	-0.05	-0.30	-0.01	0.31	1
6.540	-149.89	-147.90	-268.17	340.96	-0.05	-0.32	-0.03	0.32	1
6.550	-150.68	-142.82	-270.38	340.89	-0.01	-0.29	-0.03	0.30	1
6.559	-152.29	-142.44	-273.75	344.12	0.01	-0.29	-0.05	0.29	1
6.569	-152.11	-138.25	-275.18	343.47	0.03	-0.27	-0.05	0.28	1
6.579	-153.20	-138.16	-278.10	346.26	0.05	-0.28	-0.06	0.29	1
6.589	-151.87	-134.61	-278.01	344.20	0.08	-0.27	-0.09	0.29	1
6.599	-149.82	-125.63	-274.33	336.88	0.11	-0.25	-0.10	0.29	1
6.609	-150.08	-124.98	-273.87	336.38	0.13	-0.26	-0.12	0.32	1
6.619	-148.31	-121.21	-272.09	332.75	0.16	-0.25	-0.13	0.32	1
6.629	-145.71	-120.49	-271.19	330.59	0.18	-0.26	-0.14	0.35	1
6.639	-143.31	-124.17	-272.62	332.08	0.22	-0.28	-0.14	0.38	1
6.648	-141.65	-118.41	-269.89	326.99	0.23	-0.28	-0.15	0.39	1
6.658	-143.44	-121.00	-270.80	329.47	0.24	-0.31	-0.16	0.43	1
6.668	-142.52	-118.81	-269.08	326.85	0.25	-0.33	-0.16	0.45	1
6.678	-141.69	-119.92	-268.65	326.54	0.27	-0.36	-0.17	0.48	1
6.688	-139.26	-117.25	-264.86	321.39	0.28	-0.36	-0.17	0.49	1
6.698	-138.47	-118.43	-263.66	320.49	0.29	-0.38	-0.17	0.51	1
6.708	-135.33	-115.17	-258.94	314.05	0.31	-0.39	-0.17	0.53	1
6.718	-133.85	-117.33	-257.52	313.05	0.32	-0.42	-0.17	0.55	1
6.728	-130.49	-114.76	-252.79	306.76	0.33	-0.42	-0.17	0.57	1
6.738	-128.98	-117.03	-249.87	304.57	0.34	-0.45	-0.18	0.59	1
6.748	-124.42	-108.01	-240.33	291.39	0.35	-0.43	-0.18	0.59	1
6.758	-120.59	-105.47	-234.49	284.00	0.36	-0.45	-0.20	0.61	1
6.768	-119.95	-111.74	-234.27	285.93	0.36	-0.50	-0.20	0.64	1
6.778	-117.91	-110.78	-229.71	280.97	0.35	-0.52	-0.21	0.67	1
6.788	-113.56	-103.60	-221.74	269.81	0.35	-0.52	-0.21	0.67	1
6.798	-109.21	-98.95	-215.89	261.39	0.37	-0.53	-0.21	0.68	1
6.808	-106.80	-100.71	-215.37	260.64	0.37	-0.56	-0.22	0.71	1
6.818	-106.25	-108.15	-218.92	266.29	0.36	-0.62	-0.22	0.75	1
6.828	-106.74	-117.83	-223.53	274.31	0.35	-0.69	-0.25	0.81	1
6.838	-107.93	-127.28	-229.80	284.00	0.35	-0.75	-0.26	0.86	1
6.848	-108.47	-132.93	-233.23	289.54	0.35	-0.80	-0.27	0.91	1
6.858	-108.15	-134.59	-233.37	290.30	0.34	-0.83	-0.30	0.94	1
6.868	-106.83	-134.78	-232.61	289.28	0.35	-0.85	-0.32	0.97	1
6.878	-104.89	-133.61	-231.39	287.05	0.35	-0.87	-0.33	1.00	1
6.888	-102.82	-131.99	-231.07	285.28	0.36	-0.89	-0.36	1.02	1
6.898	-100.77	-129.82	-230.83	283.35	0.38	-0.91	-0.38	1.05	1
6.908	-98.88	-127.93	-231.80	282.62	0.39	-0.92	-0.40	1.07	1
6.918	-96.82	-123.75	-231.14	279.49	0.41	-0.93	-0.42	1.10	1
6.928	-94.84	-118.74	-229.99	275.66	0.43	-0.93	-0.44	1.11	1
6.938	-92.92	-113.17	-228.70	271.56	0.46	-0.92	-0.46	1.12	1
6.948	-90.60	-106.06	-227.09	266.51	0.49	-0.92	-0.47	1.14	1
6.958	-87.23	-96.01	-224.85	259.58	0.53	-0.89	-0.46	1.13	1
6.968	-84.14	-86.22	-222.45	252.97	0.55	-0.87	-0.44	1.12	1
6.978	-81.13	-74.99	-217.69	244.12	0.60	-0.83	-0.42	1.11	1
6.988	-77.86	-62.11	-210.48	232.85	0.62	-0.78	-0.41	1.08	1
6.998	-75.21	-53.42	-206.95	226.59	0.66	-0.75	-0.40	1.07	1
7.008	-76.17	-56.56	-212.46	232.68	0.66	-0.76	-0.41	1.09	1
7.018	-77.29	-59.45	-218.14	238.94	0.66	-0.78	-0.43	1.11	1
7.028	-78.89	-62.98	-224.54	246.19	0.65	-0.79	-0.44	1.12	1
7.038	-78.63	-56.56	-221.93	242.15	0.65	-0.76	-0.44	1.09	1
7.048	-77.21	-48.20	-217.78	236.03	0.65	-0.71	-0.43	1.05	1
7.058	-74.80	-38.96	-212.41	228.55	0.64	-0.65	-0.40	1.00	1
7.068	-74.55	-39.09	-217.79	233.49	0.63	-0.65	-0.40	0.99	1
7.078	-73.73	-38.46	-222.19	237.25	0.59	-0.64	-0.39	0.95	1
7.088	-70.87	-28.18	-217.18	230.19	0.56	-0.58	-0.36	0.88	1
7.098	-66.32	-12.19	-207.39	218.07	0.51	-0.50	-0.29	0.77	1
7.108	-64.17	-4.61	-203.80	213.71	0.42	-0.46	-0.25	0.67	1
7.118	-62.45	4.63	-197.13	206.84	0.29	-0.41	-0.21	0.55	1
7.128	-66.12	1.50	-213.07	223.10	0.15	-0.44	-0.19	0.50	1
7.138	-67.74	2.24	-222.82	232.90	0.07	-0.45	-0.17	0.48	1
7.148	-70.33	-2.41	-239.62	249.74	-0.01	-0.48	-0.18	0.52	1
7.158	-72.82	-4.90	-253.11	263.43	-0.07	-0.51	-0.18	0.55	1
7.168	-73.05	0.32	-256.74	266.93	-0.10	-0.51	-0.18	0.55	1
7.178	-74.04	0.01	-267.20	277.27	-0.12	-0.53	-0.18	0.57	1
7.188	-75.02	1.96	-274.09	284.17	-0.13	-0.54	-0.18	0.58	1
7.198	-74.48	6.53	-278.17	288.04	-0.13	-0.54	-0.17	0.58	1
7.208	-75.47	4.07	-291.45	301.09	-0.13	-0.57	-0.17	0.61	1
7.218	-75.22	7.10	-298.01	307.44	-0.12	-0.58	-0.17	0.62	1
7.228	-75.44	8.69	-306.12	315.40	-0.11	-0.60	-0.19	0.64	1
7.237	-76.26	10.98	-314.15	323.46	-0.11	-0.61	-0.20	0.65	1
7.247	-74.98	18.85	-315.98	325.30	-0.09	-0.60	-0.21	0.64	1
7.257	-76.02	23.05	-324.79	334.36	-0.08	-0.61	-0.23	0.66	1
7.267	-75.25	30.93	-330.68	340.54	-0.06	-0.63	-0.24	0.67	1
7.277	-76.14	35.00	-344.65	354.69	-0.06	-0.67	-0.26	0.72	1
7.287	-76.29	41.26	-355.72	366.15	-0.05	-0.71	-0.29	0.77	1
7.297	-73.60	56.41	-358.52	370.31	-0.04	-0.71	-0.27	0.76	1
7.307	-72.68	68.23	-367.37	380.65	-0.04	-0.73	-0.27	0.78	1
7.316	-72.26	77.77	-379.13	393.71	-0.04	-0.78	-0.25	0.82	1
7.326	-72.83	82.93	-395.21	410.33	-0.05	-0.83	-0.27	0.88	1
7.336	-72.04	88.57	-407.47	423.16	-0.04	-0.87	-0.27	0.91	1
7.346	-71.53	91.31	-419.16	434.91	-0.05	-0.90	-0.30	0.95	1
7.356	-71.14	92.38	-431.01	446.50	-0.03	-0.94	-0.34	1.00	1
7.365	-71.30	90.39	-446.72	461.32	-0.04	-0.99	-0.38	1.06	1
7.375	-69.44	90.41	-460.33	474.23	-0.03	-1.02	-0.40	1.10	1
7.385	-67.56	90.84	-476.20	489.47	-0.02	-1.06	-0.41	1.14	1
7.394	-65.92	94.31	-487.16	500.57	-0.01	-1.07	-0.41	1.15	1
7.404	-62.53	98.63	-493.07	506.71	0.01	-1.07	-0.42	1.14	1
7.414	-56.40	104.59	-496.74	510.76	0.04	-1.05	-0.40	1.12	1
7.424	-52.57	110.93	-499.80	514.66	0.05	-1.03	-0.39	1.11	1
7.433	-50.01	117.04	-502.19	518.07	0.07	-1.01	-0.38	1.08	1
7.443	-48.71	119.72	-510.68	526.79	0.09	-1.02	-0.39	1.10	1
7.452	-45.55	125.20	-513.70	530.70	0.10	-1.01	-0.39	1.09	1
7.462	-43.09	127.58	-523.22	540.27	0.10	-1.02	-0.39	1.10	1
7.472	-39.33	133.28	-528.20	546.17	0.13	-1.01	-0.38	1.09	1
7.481	-36.80	138.68	-533.76	552.70	0.14	-1.01	-0.38	1.09	1
7.491	-32.90	144.80	-538.59	558.68	0.16	-1.01	-0.38	1.10	1
7.501	-29.82	149.11	-544.54	565.38	0.17	-1.02	-0.39	1.10	1
7.510	-27.07	152.95	-549.47	571.00	0.18	-1.01	-0.40	1.10	1
7.520	-24.51	157.43	-553.08	575.57	0.19	-1.02	-0.41	1.12	1
7.529	-22.56	161.19	-558.18	581.43	0.19	-1.03	-0.43	1.13	1
7.539	-21.09	165.07	-561.83	585.96	0.20	-1.03	-0.45	1.14	1
7.548	-18.84	169.24	-565.60	590.67	0.22	-1.03	-0.46	1.15	1
7.558	-15.73	173.94	-569.63	595.80	0.21	-1.04	-0.46	1.16	1
7.567	-12.36	178.29	-574.50	601.66	0.21	-1.05	-0.45	1.16	1
7.577	-9.74	181.96	-581.75	609.62	0.20	-1.08	-0.44	1.18	1
7.587	-8.88	184.68	-591.06	619.30	0.17	-1.11	-0.44	1.20	1
7.596	-8.56	188.14	-598.25	627.19	0.15	-1.14	-0.44	1.23	1
7.606	-6.70	194.94	-600.94	631.81	0.14	-1.15	-0.43	1.24	1
7.615	-5.13	198.51	-606.99	638.65	0.12	-1.18	-0.43	1.26	1
7.624	-3.10	202.04	-609.42	642.05	0.10	-1.19	-0.43	1.27	1
7.634	-1.94	202.78	-613.86	646.49	0.08	-1.20	-0.43	1.28	1
7.643	-1.62	203.06	-619.91	652.32	0.06	-1.22	-0.43	1.30	1
7.653	0.13	206.18	-621.51	654.81	0.03	-1.22	-0.42	1.29	1
7.662	1.99	206.96	-623.89	657.32	-0.00	-1.24	-0.42	1.31	1
7.672	4.15	206.04	-626.65	659.66	-0.04	-1.25	-0.42	1.32	1
7.681	6.05	207.15	-627.31	660.66	-0.07	-1.26	-0.40	1.33	1
7.691	7.05	211.08	-622.66	657.51	-0.10	-1.25	-0.39	1.32	1
7.700	6.55	212.05	-621.07	656.31	-0.15	-1.27	-0.40	1.34	1
7.710	7.28	210.64	-619.56	654.43	-0.19	-1.27	-0.40	1.34	1
7.719	8.28	207.59	-619.24	653.16	-0.24	-1.28	-0.39	1.36	1
7.729	7.62	206.12	-618.03	651.55	-0.29	-1.28	-0.39	1.37	1
7.738	5.93	202.58	-619.62	651.93	-0.35	-1.30	-0.39	1.40	1
7.748	7.15	196.03	-622.89	653.05	-0.41	-1.31	-0.40	1.43	1
7.757	10.09	190.43	-624.20	652.68	-0.46	-1.32	-0.38	1.45	1
7.767	12.50	190.32	-620.59	649.23	-0.50	-1.31	-0.36	1.45	1
7.776	11.64	189.77	-615.74	644.43	-0.52	-1.30	-0.35	1.45	1
7.786	10.20	187.64	-611.08	639.32	-0.54	-1.31	-0.35	1.46	1
7.795	9.29	184.11	-605.49	632.93	-0.56	-1.30	-0.34	1.46	1
7.805	7.22	179.52	-599.38	625.73	-0.57	-1.28	-0.34	1.44	1
7.814	3.03	172.29	-597.52	621.87	-0.59	-1.28	-0.35	1.45	1
7.824	0.24	166.84	-593.28	616.30	-0.61	-1.26	-0.35	1.45	1
7.834	-0.80	165.33	-582.66	605.67	-0.61	-1.22	-0.34	1.41	1
7.843	-0.83	165.05	-570.51	593.90	-0.62	-1.18	-0.31	1.37	1
7.853	-2.73	162.92	-560.78	583.97	-0.64	-1.16	-0.29	1.36	1
7.862	-6.15	157.86	-555.73	577.75	-0.67	-1.14	-0.28	1.35	1
7.872	-8.49	152.93	-548.21	569.21	-0.68	-1.12	-0.27	1.34	1
7.882	-11.81	147.59	-538.39	558.38	-0.70	-1.09	-0.28	1.33	1
7.891	-13.80	144.37	-527.24	546.82	-0.71	-1.05	-0.26	1.30	1
7.901	-17.73	138.40	-518.06	536.52	-0.74	-1.01	-0.25	1.28	1
7.911	-20.81	134.57	-507.46	525.41	-0.77	-0.97	-0.24	1.26	1
7.921	-24.24	131.99	-493.82	511.73	-0.80	-0.91	-0.22	1.23	1
7.930	-27.96	126.25	-482.59	499.62	-0.82	-0.87	-0.24	1.22	1
7.940	-31.99	119.45	-475.69	491.50	-0.87	-0.85	-0.25	1.25	1
7.950	-35.28	115.66	-470.93	486.21	-0.90	-0.84	-0.24	1.26	1
7.959	-39.60	109.45	-471.76	485.90	-0.95	-0.85	-0.24	1.29	1
7.969	-44.16	102.33	-474.75	487.65	-0.98	-0.85	-0.23	1.32	1
7.979	-48.00	96.67	-474.05	486.18	-1.01	-0.85	-0.21	1.33	1
7.989	-50.16	92.58	-467.67	479.38	-1.03	-0.80	-0.19	1.32	1
7.999	-53.14	87.41	-460.43	471.66	-1.04	-0.75	-0.18	1.29	1
8.008	-57.81	82.18	-452.57	463.59	-1.05	-0.70	-0.16	1.27	1
8.018	-62.65	78.58	-442.32	453.59	-1.04	-0.65	-0.14	1.24	1
8.028	-62.59	81.85	-422.42	434.80	-1.03	-0.56	-0.10	1.18	1
8.038	-61.40	84.67	-405.95	419.21	-1.01	-0.50	-0.06	1.13	1
8.048	-63.91	82.84	-398.14	411.66	-1.01	-0.48	-0.06	1.12	1
8.058	-67.24	80.06	-392.31	406.00	-1.01	-0.46	-0.06	1.11	1
8.067	-67.11	81.68	-378.55	393.03	-0.99	-0.43	-0.03	1.08	1
8.077	-67.22	82.94	-366.19	381.44	-0.98	-0.40	-0.02	1.06	1
8.087	-70.99	76.60	-366.27	380.87	-0.99	-0.42	-0.03	1.08	1
8.097	-72.43	73.95	-362.00	376.51	-0.99	-0.41	-0.02	1.07	1
8.107	-74.09	71.33	-358.97	373.41	-0.99	-0.41	-0.02	1.07	1
8.117	-75.96	68.44	-356.84	371.20	-1.00	-0.42	-0.00	1.08	1
8.127	-76.24	69.66	-348.26	363.25	-0.99	-0.39	0.02	1.06	1
8.137	-80.06	61.99	-352.03	366.30	-1.00	-0.41	0.01	1.08	1
8.147	-81.27	58.25	-348.85	362.90	-0.99	-0.40	0.02	1.07	1
8.157	-83.50	53.63	-347.30	361.20	-0.98	-0.39	0.03	1.06	1
8.166	-84.98	51.52	-341.67	355.83	-0.97	-0.37	0.04	1.03	1
8.176	-87.83	49.18	-336.46	351.20	-0.95	-0.34	0.05	1.01	1
8.186	-89.73	47.39	-329.69	344.96	-0.95	-0.31	0.07	1.00	1
8.196	-94.64	38.60	-331.99	347.37	-0.95	-0.31	0.06	1.00	1
8.206	-97.06	33.55	-327.55	343.28	-0.94	-0.29	0.07	0.99	1
8.216	-99.73	25.96	-327.78	343.60	-0.93	-0.29	0.08	0.98	1
8.226	-99.82	22.12	-320.07	336.00	-0.91	-0.26	0.09	0.95	1
8.236	-99.63	16.49	-315.67	331.43	-0.90	-0.24	0.11	0.94	1
8.246	-99.80	13.28	-306.63	322.74	-0.88	-0.22	0.12	0.92	1
8.256	-99.96	11.38	-296.11	312.74	-0.88	-0.21	0.12	0.91	1
8.266	-101.56	4.97	-293.62	310.73	-0.87	-0.21	0.13	0.91	1
8.276	-104.67	-3.74	-292.65	310.83	-0.88	-0.22	0.15	0.92	1
8.286	-107.43	-10.16	-287.05	306.67	-0.88	-0.20	0.16	0.91	1
8.296	-109.18	-15.53	-278.58	299.61	-0.87	-0.17	0.16	0.90	1
8.306	-108.70	-17.41	-266.82	288.64	-0.85	-0.13	0.17	0.88	1
8.316	-108.82	-22.73	-259.67	282.47	-0.84	-0.12	0.16	0.86	1
8.326	-108.98	-29.71	-255.85	279.67	-0.82	-0.12	0.14	0.84	1
8.336	-107.92	-35.13	-252.20	276.56	-0.80	-0.14	0.15	0.83	1
8.346	-105.87	-37.50	-245.67	270.13	-0.80	-0.14	0.15	0.83	1
8.356	-104.27	-40.40	-239.13	263.99	-0.80	-0.15	0.15	0.83	1
8.366	-102.73	-42.06	-231.37	256.62	-0.78	-0.15	0.16	0.81	1
8.376	-100.49	-41.46	-222.58	247.71	-0.77	-0.14	0.18	0.81	1
8.386	-100.33	-45.66	-220.36	246.40	-0.75	-0.16	0.20	0.80	1
8.396	-101.82	-53.78	-223.62	251.53	-0.74	-0.20	0.22	0.79	1
8.406	-103.11	-61.96	-225.83	255.87	-0.72	-0.24	0.22	0.79	1
8.416	-101.41	-63.05	-219.65	250.01	-0.67	-0.25	0.21	0.75	1
8.427	-100.94	-65.37	-213.30	244.86	-0.64	-0.26	0.19	0.71	1
8.437	-100.84	-67.05	-209.01	241.55	-0.60	-0.27	0.19	0.69	1
8.447	-101.95	-71.47	-208.96	243.24	-0.58	-0.31	0.18	0.68	1
8.457	-104.26	-77.04	-209.68	246.52	-0.56	-0.33	0.17	0.68	1
8.467	-104.44	-76.14	-204.35	241.79	-0.55	-0.33	0.16	0.66	1
8.477	-105.78	-77.91	-199.60	238.95	-0.53	-0.34	0.16	0.65	1
8.487	-105.89	-77.71	-194.76	234.91	-0.52	-0.34	0.17	0.64	1
8.497	-108.30	-83.50	-196.16	239.12	-0.51	-0.36	0.18	0.65	1
8.507	-110.08	-88.57	-197.01	242.44	-0.52	-0.37	0.19	0.66	1
8.517	-110.92	-92.18	-195.18	242.68	-0.52	-0.38	0.19	0.67	1
8.527	-108.91	-90.45	-189.28	236.37	-0.51	-0.35	0.20	0.65	1
8.537	-106.94	-90.27	-185.29	232.20	-0.51	-0.33	0.20	0.64	1
8.548	-105.93	-93.22	-184.80	232.52	-0.50	-0.31	0.20	0.63	1
8.558	-107.20	-101.94	-189.96	240.77	-0.51	-0.33	0.21	0.64	1
8.568	-107.97	-109.62	-195.12	248.49	-0.50	-0.34	0.23	0.65	1
8.578	-108.35	-116.41	-198.11	254.04	-0.49	-0.35	0.21	0.64	1
8.588	-107.77	-118.62	-197.02	253.97	-0.49	-0.33	0.22	0.63	1
8.598	-107.68	-122.22	-195.08	254.14	-0.48	-0.32	0.20	0.61	1
8.608	-106.63	-120.88	-191.27	250.13	-0.46	-0.28	0.20	0.58	1
8.618	-107.08	-122.11	-190.73	250.51	-0.45	-0.27	0.20	0.56	1
8.628	-109.02	-128.35	-194.60	257.35	-0.44	-0.28	0.21	0.56	1
8.638	-111.18	-133.92	-200.23	265.30	-0.43	-0.30	0.22	0.57	1
8.648	-114.60	-141.47	-206.80	275.52	-0.41	-0.32	0.22	0.57	1
8.658	-117.28	-146.64	-211.18	282.58	-0.40	-0.35	0.23	0.57	1
8.668	-118.21	-145.03	-210.92	281.95	-0.37	-0.34	0.23	0.55	1
8.679	-118.67	-142.17	-209.64	279.72	-0.35	-0.33	0.22	0.53	1
8.689	-119.63	-141.50	-210.17	280.19	-0.34	-0.32	0.20	0.51	1
8.699	-121.00	-144.10	-213.04	284.24	-0.33	-0.32	0.19	0.49	1
8.709	-122.00	-149.77	-217.11	290.60	-0.31	-0.32	0.19	0.48	1
8.719	-124.36	-158.88	-223.65	301.21	-0.29	-0.33	0.17	0.47	1
8.729	-128.57	-165.32	-230.48	311.42	-0.27	-0.34	0.17	0.47	1
8.739	-133.14	-164.24	-233.75	315.19	-0.24	-0.31	0.15	0.42	1
8.749	-136.53	-160.26	-234.30	314.99	-0.21	-0.28	0.11	0.37	1
8.759	-138.24	-159.79	-235.19	316.16	-0.18	-0.26	0.08	0.32	1
8.769	-133.40	-155.04	-231.78	309.12	-0.14	-0.22	0.05	0.27	1
