Data File:	S8R_200809_1_34.AKF
Measurement Programm:	5.4.17

------------------------MEASURING INFOS------------------------
Diagram Title #1	Forces and Moments at Shoulder Joint
Diagram Title #2	Measured Relative to Humerus

Comment #1	Shoulder Joint; Standard Test; Standing Position; Abduction; 2,4 kg; 150 deg.
Comment #2	S8R, 11 Months PO  *  three times

BodyWeight [N]:	830

Implant Type:	Shoulder Joint

Axes Directions X, Y, Z:	Medial, Anterior, Superior
Axes Origin:	Center of
Angle of Rotation (Deg):	Y = -52	X = -90	Y = -63,1
Displacement X, Y, Z (mm):	0	0	0
Activity Code:	shoulderactivities	1P_1_1_1_4_6	2P_1_67






---------------------------DATA--------------------------------

Number of Data Sets =	1200
Number of analog channels =	0
Time-Offset(sec) =	0.0
Max. Force (N, sec):	1678,71	2,737

Time	Fx	Fy	Fz	F	Mx	My	Mz	Marker
[s]	[N]	[N]	[N]	[N]	[Nm]	[Nm]	[Nm]	[0/1]

0.000	00135.85	00014.51	00145.62	00199.68	00000.46	00000.03	00000.10	0
0.010	00134.30	00013.06	00143.63	00197.07	00000.45	00000.03	00000.09	0
0.021	00131.64	00014.39	00138.89	00191.90	00000.44	00000.00	00000.09	0
0.031	00133.48	00014.21	00141.64	00195.15	00000.43	00000.01	00000.10	0
0.041	00135.48	00014.99	00144.15	00198.39	00000.44	00000.01	00000.12	0
0.051	00143.86	00015.62	00153.65	00211.06	00000.47	00000.03	00000.15	0
0.061	00148.55	00016.99	00158.82	00218.13	00000.49	00000.03	00000.17	0
0.071	00148.37	00016.29	00159.44	00218.41	00000.48	00000.03	00000.17	0
0.081	00152.11	00014.74	00165.07	00224.96	00000.48	00000.06	00000.17	0
0.092	00149.94	00014.94	00161.74	00221.06	00000.47	00000.04	00000.17	0
0.102	00152.46	00014.65	00164.22	00224.56	00000.48	00000.04	00000.18	0
0.112	00153.24	00016.69	00164.36	00225.33	00000.48	00000.03	00000.20	0
0.122	00151.70	00016.22	00163.30	00223.48	00000.47	00000.03	00000.19	0
0.132	00154.53	00014.64	00167.28	00228.20	00000.47	00000.05	00000.19	0
0.142	00150.84	00014.53	00161.54	00221.49	00000.45	00000.02	00000.19	0
0.152	00152.21	00014.51	00161.71	00222.54	00000.45	00000.02	00000.19	0
0.163	00149.82	00016.13	00157.53	00217.99	00000.44	-00000.01	00000.21	0
0.173	00144.45	00016.29	00150.84	00209.49	00000.42	-00000.03	00000.19	0
0.183	00144.28	00014.71	00152.48	00210.43	00000.40	-00000.01	00000.19	0
0.193	00138.95	00013.19	00147.55	00203.11	00000.37	-00000.01	00000.17	0
0.203	00137.16	00011.32	00146.16	00200.76	00000.36	-00000.01	00000.16	0
0.213	00134.67	00010.42	00143.21	00196.86	00000.36	-00000.01	00000.15	0
0.223	00134.39	00011.28	00141.87	00195.74	00000.36	-00000.02	00000.15	0
0.234	00141.49	00011.61	00150.38	00206.80	00000.39	00000.00	00000.17	0
0.244	00144.81	00013.23	00154.30	00212.02	00000.41	00000.00	00000.19	0
0.254	00149.36	00013.87	00159.90	00219.25	00000.43	00000.02	00000.20	0
0.264	00154.62	00014.07	00166.34	00227.54	00000.45	00000.04	00000.21	0
0.274	00149.30	00014.53	00158.83	00218.47	00000.43	00000.02	00000.20	0
0.284	00149.98	00014.74	00158.61	00218.79	00000.44	00000.02	00000.20	0
0.294	00150.35	00016.37	00157.85	00218.61	00000.45	00000.02	00000.22	0
0.304	00148.17	00016.64	00155.14	00215.17	00000.44	00000.02	00000.21	0
0.315	00152.83	00015.20	00162.60	00223.67	00000.45	00000.06	00000.22	0
0.325	00147.12	00014.21	00156.19	00215.04	00000.42	00000.06	00000.20	0
0.335	00148.76	00013.45	00158.09	00217.50	00000.43	00000.06	00000.20	0
0.345	00144.95	00014.63	00153.08	00211.32	00000.42	00000.05	00000.20	0
0.355	00139.50	00013.95	00146.74	00202.95	00000.40	00000.05	00000.18	0
0.365	00137.78	00013.69	00144.04	00199.80	00000.39	00000.05	00000.18	0
0.376	00137.55	00015.72	00141.89	00198.24	00000.39	00000.03	00000.19	0
0.386	00145.55	00016.04	00151.70	00210.84	00000.41	00000.07	00000.22	0
0.396	00143.78	00015.94	00148.72	00207.47	00000.40	00000.07	00000.23	0
0.406	00146.77	00015.58	00152.07	00211.92	00000.40	00000.08	00000.24	0
0.416	00143.08	00016.39	00147.81	00206.37	00000.37	00000.07	00000.26	0
0.426	00146.81	00017.31	00151.61	00211.75	00000.38	00000.08	00000.28	0
0.436	00151.29	00019.29	00155.74	00217.98	00000.40	00000.08	00000.31	0
0.447	00150.59	00019.33	00155.00	00216.97	00000.39	00000.09	00000.32	0
0.457	00147.18	00018.05	00151.84	00212.23	00000.37	00000.09	00000.31	0
0.467	00141.84	00019.38	00144.13	00203.14	00000.35	00000.07	00000.30	0
0.477	00147.15	00019.40	00150.80	00211.59	00000.36	00000.09	00000.32	0
0.487	00144.69	00019.63	00147.04	00207.22	00000.34	00000.08	00000.32	0
0.497	00147.23	00019.13	00149.84	00210.94	00000.33	00000.09	00000.33	0
0.508	00145.92	00019.14	00148.19	00208.85	00000.31	00000.09	00000.33	0
0.518	00148.04	00018.29	00150.61	00211.98	00000.30	00000.09	00000.34	0
0.528	00145.35	00018.46	00146.93	00207.49	00000.28	00000.07	00000.34	0
0.538	00140.25	00016.95	00141.87	00200.21	00000.25	00000.07	00000.32	0
0.548	00139.23	00017.31	00140.94	00198.86	00000.24	00000.06	00000.32	0
0.558	00139.57	00019.50	00139.76	00198.48	00000.24	00000.05	00000.33	0
0.568	00146.35	00019.04	00148.91	00209.65	00000.26	00000.08	00000.35	0
0.579	00144.45	00018.81	00146.64	00206.70	00000.25	00000.07	00000.34	0
0.589	00147.16	00018.88	00149.27	00210.46	00000.27	00000.08	00000.35	0
0.599	00144.47	00020.22	00145.53	00206.06	00000.26	00000.06	00000.35	0
0.609	00145.01	00020.47	00145.92	00206.74	00000.26	00000.06	00000.35	0
0.619	00145.70	00021.17	00145.87	00207.26	00000.27	00000.05	00000.35	0
0.629	00142.89	00020.08	00142.45	00202.76	00000.26	00000.05	00000.34	0
0.640	00140.99	00018.17	00141.53	00200.59	00000.25	00000.06	00000.32	0
0.650	00137.16	00018.86	00135.92	00194.02	00000.24	00000.04	00000.31	0
0.660	00139.00	00018.53	00138.37	00197.01	00000.24	00000.05	00000.31	0
0.670	00139.49	00018.91	00139.27	00198.02	00000.25	00000.06	00000.31	0
0.680	00144.03	00018.79	00144.28	00204.73	00000.27	00000.07	00000.31	0
0.690	00145.03	00019.91	00144.67	00205.82	00000.27	00000.07	00000.32	0
0.700	00142.46	00019.38	00142.03	00202.10	00000.26	00000.07	00000.30	0
0.711	00144.85	00021.31	00144.19	00205.50	00000.28	00000.07	00000.32	0
0.721	00143.93	00022.20	00142.05	00203.44	00000.28	00000.06	00000.32	0
0.731	00145.51	00021.26	00144.55	00206.20	00000.28	00000.08	00000.32	0
0.741	00142.80	00022.77	00139.89	00201.20	00000.27	00000.06	00000.32	0
0.751	00145.19	00022.41	00143.39	00205.29	00000.28	00000.08	00000.33	0
0.761	00140.48	00022.80	00137.35	00197.79	00000.26	00000.06	00000.32	0
0.772	00143.11	00022.18	00141.27	00202.31	00000.27	00000.08	00000.33	0
0.782	00140.19	00022.12	00138.17	00198.08	00000.26	00000.07	00000.32	0
0.792	00141.75	00022.10	00139.91	00200.39	00000.27	00000.08	00000.32	0
0.802	00140.47	00022.11	00138.29	00198.36	00000.26	00000.07	00000.32	0
0.812	00144.41	00021.06	00143.32	00204.54	00000.27	00000.09	00000.32	0
0.822	00141.51	00021.10	00140.20	00200.32	00000.26	00000.08	00000.32	0
0.833	00145.86	00020.31	00145.15	00206.77	00000.28	00000.09	00000.32	0
0.843	00146.68	00020.63	00145.59	00207.70	00000.28	00000.09	00000.33	0
0.853	00145.82	00020.15	00144.77	00206.47	00000.28	00000.09	00000.32	0
0.863	00148.10	00021.36	00146.93	00209.71	00000.29	00000.08	00000.35	0
0.873	00147.60	00020.93	00146.33	00208.89	00000.29	00000.08	00000.35	0
0.883	00144.87	00018.81	00144.66	00205.59	00000.27	00000.09	00000.33	0
0.893	00138.81	00019.48	00136.78	00195.85	00000.25	00000.07	00000.32	0
0.904	00141.65	00019.86	00140.99	00200.84	00000.26	00000.08	00000.34	0
0.914	00140.57	00020.43	00139.59	00199.15	00000.26	00000.08	00000.34	0
0.924	00144.08	00020.14	00143.70	00204.49	00000.27	00000.09	00000.34	0
0.934	00142.58	00021.20	00141.80	00202.20	00000.26	00000.09	00000.35	1
0.944	00143.64	00021.18	00142.95	00203.75	00000.27	00000.10	00000.35	1
0.954	00144.09	00022.33	00141.97	00203.51	00000.27	00000.09	00000.36	1
0.965	00140.77	00021.57	00138.21	00198.46	00000.26	00000.09	00000.34	1
0.975	00141.62	00022.64	00139.09	00199.78	00000.27	00000.09	00000.36	1
0.985	00141.03	00023.06	00137.87	00198.57	00000.27	00000.09	00000.36	1
0.995	00139.53	00022.47	00136.73	00196.65	00000.26	00000.10	00000.36	1
1.005	00136.10	00024.02	00131.64	00190.86	00000.25	00000.08	00000.36	1
1.015	00136.41	00022.96	00133.30	00192.11	00000.24	00000.10	00000.36	1
1.026	00132.85	00023.81	00127.92	00185.95	00000.23	00000.09	00000.35	1
1.036	00134.40	00022.60	00130.87	00188.95	00000.23	00000.11	00000.35	1
1.046	00134.58	00024.18	00130.07	00188.72	00000.24	00000.10	00000.36	1
1.056	00137.69	00023.51	00134.47	00193.89	00000.25	00000.12	00000.37	1
1.066	00136.28	00024.81	00132.06	00191.38	00000.25	00000.11	00000.37	1
1.076	00134.65	00023.82	00131.27	00189.56	00000.25	00000.11	00000.36	1
1.087	00131.84	00024.93	00127.04	00184.78	00000.24	00000.08	00000.36	1
1.097	00131.63	00023.69	00127.62	00184.87	00000.24	00000.09	00000.35	1
1.107	00129.43	00024.45	00124.07	00180.95	00000.23	00000.07	00000.34	1
1.117	00130.81	00022.94	00127.05	00183.79	00000.24	00000.09	00000.33	1
1.127	00129.85	00023.58	00125.53	00182.14	00000.24	00000.08	00000.32	1
1.137	00133.38	00022.34	00131.20	00188.42	00000.25	00000.10	00000.32	1
1.148	00131.36	00024.29	00127.63	00184.75	00000.25	00000.08	00000.31	1
1.158	00134.16	00023.37	00132.11	00189.73	00000.27	00000.10	00000.32	1
1.168	00132.85	00024.66	00129.51	00187.16	00000.27	00000.08	00000.31	1
1.178	00138.09	00023.99	00137.12	00196.08	00000.28	00000.10	00000.32	1
1.188	00135.53	00025.06	00132.64	00191.29	00000.28	00000.08	00000.31	1
1.198	00139.53	00024.09	00138.00	00197.72	00000.29	00000.11	00000.32	1
1.209	00136.31	00025.29	00132.75	00191.94	00000.27	00000.08	00000.32	1
1.219	00138.73	00024.41	00136.26	00195.98	00000.28	00000.10	00000.32	1
1.229	00135.07	00025.64	00130.64	00189.65	00000.27	00000.08	00000.32	1
1.239	00136.53	00024.07	00133.71	00192.61	00000.27	00000.10	00000.32	1
1.249	00133.70	00024.92	00129.31	00187.66	00000.26	00000.08	00000.32	1
1.259	00135.84	00023.24	00132.92	00191.47	00000.26	00000.10	00000.32	1
1.270	00134.36	00024.01	00130.44	00188.79	00000.26	00000.09	00000.32	1
1.280	00139.80	00022.76	00138.01	00197.76	00000.27	00000.12	00000.34	1
1.290	00140.05	00023.83	00137.28	00197.56	00000.27	00000.11	00000.35	1
1.300	00145.64	00023.12	00145.01	00206.82	00000.29	00000.13	00000.37	1
1.310	00138.54	00022.69	00136.06	00195.51	00000.26	00000.11	00000.35	1
1.320	00139.72	00021.91	00138.22	00197.75	00000.26	00000.12	00000.35	1
1.331	00136.84	00021.28	00135.07	00193.45	00000.25	00000.11	00000.34	1
1.341	00139.34	00020.20	00138.71	00197.65	00000.25	00000.13	00000.35	1
1.351	00139.12	00020.24	00138.60	00197.42	00000.25	00000.13	00000.35	1
1.361	00144.65	00019.42	00145.49	00206.08	00000.27	00000.15	00000.36	1
1.371	00144.34	00019.90	00145.08	00205.62	00000.27	00000.15	00000.36	1
1.381	00145.40	00019.44	00147.11	00207.75	00000.27	00000.16	00000.36	1
1.391	00148.35	00020.81	00150.08	00212.04	00000.29	00000.16	00000.38	1
1.402	00145.10	00019.77	00147.28	00207.69	00000.27	00000.17	00000.37	1
1.412	00143.99	00020.01	00146.41	00206.33	00000.27	00000.17	00000.37	1
1.422	00142.50	00020.23	00144.26	00203.78	00000.26	00000.17	00000.37	1
1.432	00142.07	00020.52	00144.56	00203.72	00000.26	00000.18	00000.38	1
1.442	00141.49	00022.46	00143.22	00202.57	00000.26	00000.18	00000.39	1
1.452	00140.57	00021.89	00143.31	00201.93	00000.26	00000.19	00000.38	1
1.463	00136.74	00023.33	00137.87	00195.58	00000.26	00000.19	00000.37	1
1.473	00137.64	00023.19	00139.48	00197.33	00000.28	00000.21	00000.36	1
1.483	00139.17	00025.11	00140.65	00199.45	00000.32	00000.23	00000.36	1
1.493	00141.45	00025.41	00144.04	00203.47	00000.36	00000.27	00000.35	1
1.503	00139.68	00024.64	00142.81	00201.27	00000.38	00000.30	00000.32	1
1.514	00143.31	00025.75	00146.87	00206.81	00000.44	00000.34	00000.32	1
1.524	00149.65	00025.25	00154.62	00216.65	00000.49	00000.38	00000.33	1
1.534	00152.49	00026.46	00157.34	00220.70	00000.51	00000.40	00000.34	1
1.544	00157.07	00027.28	00162.21	00227.44	00000.53	00000.42	00000.37	1
1.554	00160.37	00025.43	00166.81	00232.78	00000.53	00000.44	00000.39	1
1.565	00160.53	00023.84	00166.72	00232.67	00000.52	00000.44	00000.39	1
1.575	00162.15	00022.28	00168.13	00234.64	00000.52	00000.44	00000.41	1
1.585	00165.94	00018.26	00173.23	00240.58	00000.53	00000.47	00000.43	1
1.595	00165.42	00014.46	00172.25	00239.25	00000.53	00000.47	00000.43	1
1.605	00167.53	00009.94	00173.43	00241.33	00000.55	00000.47	00000.46	1
1.616	00172.47	00002.93	00178.98	00248.57	00000.58	00000.49	00000.48	1
1.626	00165.40	-00005.85	00169.76	00237.08	00000.57	00000.48	00000.48	1
1.636	00171.41	-00017.16	00176.82	00246.86	00000.61	00000.52	00000.51	1
1.646	00170.82	-00030.28	00176.13	00247.22	00000.63	00000.54	00000.52	1
1.656	00179.66	-00045.80	00189.07	00264.81	00000.67	00000.60	00000.54	1
1.666	00184.94	-00062.60	00198.39	00278.35	00000.71	00000.66	00000.55	1
1.676	00190.58	-00080.32	00206.95	00292.57	00000.73	00000.70	00000.56	1
1.686	00195.52	-00097.76	00214.06	00305.95	00000.75	00000.73	00000.57	1
1.696	00208.58	-00114.32	00230.19	00331.00	00000.80	00000.76	00000.61	1
1.706	00221.31	-00130.75	00244.67	00354.88	00000.86	00000.78	00000.64	1
1.716	00228.25	-00149.20	00252.99	00371.97	00000.90	00000.79	00000.64	1
1.726	00231.92	-00168.15	00258.25	00385.69	00000.93	00000.79	00000.63	1
1.736	00247.23	-00187.15	00276.92	00415.73	00001.02	00000.83	00000.65	1
1.746	00261.97	-00205.45	00295.36	00445.05	00001.10	00000.86	00000.66	1
1.755	00269.72	-00222.90	00304.25	00463.68	00001.16	00000.88	00000.65	1
1.765	00279.20	-00239.90	00315.45	00484.78	00001.24	00000.91	00000.64	1
1.775	00286.72	-00257.02	00324.64	00503.65	00001.30	00000.94	00000.62	1
1.785	00290.28	-00273.27	00327.32	00515.83	00001.37	00000.96	00000.58	1
1.794	00290.20	-00286.24	00324.52	00521.03	00001.42	00000.94	00000.55	1
1.804	00289.00	-00300.22	00322.60	00527.00	00001.48	00000.95	00000.51	1
1.814	00293.88	-00314.22	00327.19	00540.52	00001.55	00000.98	00000.49	1
1.823	00291.48	-00326.01	00322.95	00543.64	00001.61	00000.97	00000.47	1
1.833	00298.08	-00338.94	00328.85	00558.46	00001.70	00001.01	00000.46	1
1.842	00298.83	-00353.02	00329.57	00567.92	00001.77	00001.05	00000.44	1
1.852	00299.00	-00364.21	00327.03	00573.59	00001.84	00001.06	00000.43	1
1.862	00309.16	-00375.48	00335.40	00590.81	00001.95	00001.11	00000.45	1
1.871	00314.01	-00388.83	00338.61	00603.70	00002.02	00001.15	00000.45	1
1.881	00311.64	-00402.86	00334.34	00609.27	00002.08	00001.18	00000.42	1
1.890	00311.49	-00414.44	00331.43	00615.33	00002.14	00001.20	00000.42	1
1.900	00316.76	-00426.97	00334.62	00628.18	00002.23	00001.23	00000.42	1
1.909	00320.58	-00440.98	00335.09	00639.95	00002.30	00001.26	00000.41	1
1.919	00328.24	-00456.56	00339.60	00656.90	00002.37	00001.31	00000.40	1
1.928	00338.55	-00473.15	00348.82	00678.36	00002.46	00001.38	00000.37	1
1.938	00350.66	-00489.48	00359.41	00701.23	00002.55	00001.44	00000.35	1
1.947	00356.14	-00506.01	00360.63	00716.20	00002.63	00001.47	00000.31	1
1.957	00359.61	-00522.59	00358.63	00728.72	00002.69	00001.50	00000.27	1
1.966	00366.03	-00539.94	00360.39	00745.25	00002.77	00001.54	00000.24	1
1.976	00365.43	-00558.56	00353.36	00755.24	00002.81	00001.56	00000.19	1
1.985	00376.21	-00577.07	00359.28	00776.93	00002.91	00001.62	00000.17	1
1.994	00379.72	-00596.79	00358.00	00792.79	00002.98	00001.68	00000.14	1
2.004	00385.98	-00614.96	00360.69	00810.71	00003.06	00001.76	00000.12	1
2.013	00398.12	-00633.00	00370.43	00834.51	00003.16	00001.85	00000.13	1
2.022	00407.89	-00651.47	00377.49	00856.32	00003.25	00001.95	00000.13	1
2.032	00417.16	-00667.95	00383.33	00875.85	00003.34	00002.03	00000.13	1
2.041	00425.74	-00682.31	00387.52	00892.73	00003.43	00002.10	00000.14	1
2.050	00436.42	-00693.75	00392.96	00908.93	00003.54	00002.17	00000.17	1
2.059	00443.73	-00704.47	00393.66	00920.95	00003.63	00002.23	00000.18	1
2.069	00445.70	-00714.23	00388.34	00927.13	00003.71	00002.26	00000.19	1
2.078	00447.58	-00725.75	00383.38	00934.90	00003.78	00002.30	00000.17	1
2.087	00444.98	-00738.97	00375.55	00940.81	00003.83	00002.35	00000.12	1
2.096	00453.56	-00750.67	00382.82	00956.96	00003.92	00002.44	00000.12	1
2.105	00466.17	-00760.08	00394.20	00974.90	00004.03	00002.53	00000.13	1
2.115	00468.83	-00769.52	00393.28	00983.18	00004.09	00002.58	00000.10	1
2.124	00472.88	-00777.60	00394.56	00991.94	00004.17	00002.64	00000.08	1
2.133	00482.88	-00783.33	00402.62	01004.43	00004.26	00002.69	00000.07	1
2.142	00483.66	-00791.10	00398.87	01009.38	00004.32	00002.72	00000.01	1
2.152	00485.56	-00798.92	00397.00	01015.70	00004.38	00002.76	-00000.05	1
2.161	00489.19	-00806.64	00396.67	01023.38	00004.45	00002.80	-00000.09	1
2.170	00486.14	-00817.15	00390.00	01027.70	00004.49	00002.84	-00000.17	1
2.179	00490.21	-00824.03	00392.07	01035.88	00004.56	00002.89	-00000.21	1
2.188	00494.10	-00832.04	00393.60	01044.67	00004.63	00002.94	-00000.25	1
2.197	00492.03	-00841.76	00387.79	01049.30	00004.69	00002.98	-00000.33	1
2.207	00504.92	-00848.28	00402.05	01065.91	00004.79	00003.05	-00000.35	1
2.216	00509.66	-00855.03	00406.57	01075.23	00004.86	00003.09	-00000.40	1
2.225	00519.53	-00860.31	00416.38	01087.85	00004.95	00003.13	-00000.45	1
2.234	00519.60	-00869.72	00416.51	01095.39	00004.99	00003.15	-00000.55	1
2.243	00529.79	-00876.16	00424.78	01108.51	00005.07	00003.18	-00000.61	1
2.253	00535.02	-00885.88	00427.58	01119.75	00005.13	00003.21	-00000.67	1
2.262	00549.95	-00893.38	00438.91	01137.20	00005.23	00003.25	-00000.67	1
2.271	00559.01	-00905.62	00445.51	01153.74	00005.31	00003.31	-00000.69	1
2.280	00571.59	-00917.80	00456.51	01173.65	00005.40	00003.38	-00000.69	1
2.289	00581.16	-00930.00	00462.98	01190.38	00005.49	00003.44	-00000.71	1
2.298	00590.11	-00945.30	00470.86	01209.77	00005.57	00003.52	-00000.76	1
2.307	00602.10	-00960.83	00483.61	01232.72	00005.65	00003.61	-00000.81	1
2.316	00615.12	-00973.41	00497.46	01254.34	00005.74	00003.67	-00000.86	1
2.325	00623.65	-00984.83	00504.45	01270.16	00005.82	00003.71	-00000.93	1
2.334	00632.41	-00996.44	00512.48	01286.66	00005.89	00003.74	-00001.01	1
2.344	00640.51	-01008.07	00520.41	01302.80	00005.95	00003.76	-00001.09	1
2.352	00647.78	-01019.86	00527.37	01318.27	00006.01	00003.78	-00001.18	1
2.362	00655.07	-01032.25	00534.01	01334.10	00006.07	00003.79	-00001.26	1
2.370	00662.79	-01043.91	00539.36	01349.06	00006.13	00003.81	-00001.33	1
2.380	00670.55	-01053.00	00544.47	01361.95	00006.20	00003.81	-00001.37	1
2.389	00683.40	-01061.80	00555.73	01379.60	00006.29	00003.84	-00001.38	1
2.397	00695.83	-01072.87	00569.30	01399.76	00006.37	00003.90	-00001.41	1
2.406	00701.74	-01084.77	00575.40	01414.31	00006.42	00003.93	-00001.45	1
2.415	00706.60	-01093.27	00578.09	01424.33	00006.47	00003.93	-00001.48	1
2.424	00711.45	-01103.77	00582.50	01436.58	00006.50	00003.94	-00001.51	1
2.433	00718.76	-01113.48	00588.12	01449.95	00006.55	00003.95	-00001.53	1
2.442	00728.43	-01122.85	00598.60	01466.19	00006.59	00003.99	-00001.54	1
2.451	00736.05	-01130.92	00606.55	01479.41	00006.62	00004.00	-00001.54	1
2.460	00737.71	-01141.22	00609.03	01489.13	00006.62	00004.00	-00001.57	1
2.469	00733.51	-01150.74	00603.77	01492.24	00006.60	00003.98	-00001.61	1
2.478	00733.93	-01161.06	00600.94	01499.28	00006.61	00003.96	-00001.64	1
2.486	00736.77	-01172.47	00600.58	01509.37	00006.63	00003.95	-00001.66	1
2.495	00745.41	-01184.41	00607.40	01525.58	00006.68	00004.00	-00001.66	1
2.504	00753.31	-01196.22	00614.55	01541.46	00006.73	00004.04	-00001.65	1
2.513	00756.77	-01207.25	00616.53	01552.50	00006.77	00004.08	-00001.65	1
2.522	00759.41	-01216.83	00617.76	01561.73	00006.82	00004.09	-00001.64	1
2.530	00759.04	-01225.46	00615.67	01567.46	00006.85	00004.09	-00001.65	1
2.539	00749.35	-01235.42	00604.09	01566.11	00006.84	00004.07	-00001.69	1
2.548	00742.96	-01244.74	00596.61	01567.58	00006.84	00004.07	-00001.73	1
2.556	00741.11	-01252.65	00594.02	01572.01	00006.84	00004.06	-00001.77	1
2.565	00734.32	-01260.52	00585.29	01571.84	00006.84	00004.05	-00001.81	1
2.574	00732.48	-01268.27	00581.08	01575.66	00006.87	00004.06	-00001.80	1
2.582	00733.90	-01275.38	00578.81	01581.21	00006.93	00004.08	-00001.77	1
2.591	00736.51	-01282.55	00577.46	01587.72	00007.01	00004.11	-00001.72	1
2.600	00747.09	-01289.21	00586.24	01601.22	00007.14	00004.19	-00001.62	1
2.609	00759.49	-01294.75	00597.28	01615.53	00007.28	00004.28	-00001.52	1
2.617	00769.76	-01299.52	00607.98	01628.17	00007.40	00004.37	-00001.43	1
2.626	00771.81	-01304.52	00610.54	01634.09	00007.48	00004.42	-00001.38	1
2.634	00779.46	-01308.88	00619.98	01644.72	00007.56	00004.49	-00001.32	1
2.643	00778.64	-01313.15	00619.25	01647.46	00007.62	00004.53	-00001.31	1
2.652	00772.78	-01317.28	00612.23	01645.37	00007.66	00004.55	-00001.30	1
2.660	00775.79	-01321.09	00615.08	01650.90	00007.73	00004.58	-00001.28	1
2.669	00780.61	-01323.68	00619.53	01656.90	00007.81	00004.62	-00001.24	1
2.677	00782.41	-01325.48	00621.49	01659.91	00007.87	00004.66	-00001.21	1
2.686	00780.65	-01326.68	00619.77	01659.39	00007.91	00004.67	-00001.19	1
2.695	00776.69	-01329.76	00617.37	01659.11	00007.93	00004.69	-00001.19	1
2.703	00783.73	-01332.34	00626.74	01667.98	00007.99	00004.74	-00001.17	1
2.712	00789.44	-01334.45	00634.06	01675.11	00008.03	00004.78	-00001.17	1
2.720	00789.31	-01336.01	00634.50	01676.46	00008.06	00004.78	-00001.20	1
2.729	00792.06	-01335.03	00638.49	01678.49	00008.09	00004.79	-00001.24	1
2.737	00793.49	-01332.86	00641.82	01678.71	00008.11	00004.79	-00001.28	1
2.746	00785.35	-01329.99	00635.98	01670.37	00008.09	00004.77	-00001.36	1
2.755	00779.89	-01326.10	00633.90	01663.91	00008.06	00004.75	-00001.42	1
2.763	00777.36	-01321.13	00636.96	01659.94	00008.03	00004.72	-00001.47	1
2.772	00770.66	-01315.38	00635.58	01651.69	00007.96	00004.66	-00001.54	1
2.780	00755.84	-01310.20	00625.41	01636.78	00007.84	00004.56	-00001.66	1
2.789	00738.97	-01304.36	00610.10	01618.53	00007.71	00004.44	-00001.79	1
2.798	00733.40	-01300.94	00606.17	01611.76	00007.62	00004.37	-00001.91	1
2.807	00728.83	-01298.74	00601.15	01606.02	00007.54	00004.32	-00001.99	1
2.815	00725.48	-01295.56	00598.15	01600.81	00007.48	00004.28	-00002.03	1
2.824	00721.86	-01290.57	00596.04	01594.34	00007.42	00004.23	-00002.06	1
2.832	00718.80	-01283.64	00596.37	01587.47	00007.35	00004.18	-00002.09	1
2.841	00715.89	-01275.93	00597.32	01580.28	00007.25	00004.12	-00002.15	1
2.850	00708.79	-01269.02	00593.82	01570.17	00007.11	00004.04	-00002.23	1
2.859	00704.94	-01262.22	00593.20	01562.70	00006.96	00003.95	-00002.28	1
2.867	00702.19	-01254.74	00592.06	01554.99	00006.80	00003.83	-00002.28	1
2.876	00699.44	-01245.40	00590.77	01545.72	00006.64	00003.70	-00002.22	1
2.885	00692.48	-01235.26	00586.72	01532.85	00006.45	00003.55	-00002.13	1
2.894	00684.21	-01224.14	00582.58	01518.57	00006.24	00003.41	-00002.01	1
2.902	00666.04	-01212.90	00565.82	01494.95	00005.99	00003.23	-00001.94	1
2.911	00655.91	-01202.09	00559.00	01479.09	00005.77	00003.11	-00001.86	1
2.920	00648.36	-01189.63	00552.51	01463.17	00005.56	00002.98	-00001.76	1
2.928	00646.41	-01177.09	00552.61	01452.16	00005.37	00002.87	-00001.62	1
2.937	00646.84	-01163.72	00555.18	01442.52	00005.16	00002.75	-00001.41	1
2.946	00641.77	-01148.26	00549.92	01425.75	00004.92	00002.60	-00001.15	1
2.954	00637.05	-01132.56	00546.12	01409.53	00004.66	00002.45	-00000.87	1
2.963	00630.96	-01115.43	00540.15	01390.70	00004.37	00002.30	-00000.58	1
2.972	00625.81	-01097.91	00536.06	01372.73	00004.06	00002.16	-00000.30	1
2.980	00620.69	-01079.12	00531.93	01353.77	00003.73	00002.03	-00000.03	1
2.989	00610.45	-01060.54	00520.92	01329.95	00003.38	00001.89	00000.22	1
2.998	00596.37	-01042.76	00505.79	01303.39	00003.02	00001.77	00000.44	1
3.006	00585.05	-01026.00	00494.24	01280.32	00002.70	00001.68	00000.64	1
3.015	00564.90	-01010.78	00472.59	01250.65	00002.38	00001.59	00000.78	1
3.024	00548.59	-00997.45	00454.46	01225.72	00002.14	00001.52	00000.87	1
3.032	00526.59	-00986.05	00429.36	01197.47	00001.92	00001.44	00000.91	1
3.041	00513.60	-00976.29	00415.70	01178.87	00001.77	00001.39	00000.92	1
3.050	00500.19	-00965.98	00400.09	01159.05	00001.64	00001.33	00000.91	1
3.059	00495.91	-00956.46	00394.38	01147.29	00001.56	00001.30	00000.92	1
3.067	00497.76	-00947.88	00395.99	01141.51	00001.51	00001.29	00000.97	1
3.076	00497.70	-00939.22	00394.15	01133.67	00001.46	00001.27	00001.05	1
3.085	00497.09	-00930.28	00391.32	01125.01	00001.42	00001.26	00001.17	1
3.094	00490.95	-00919.69	00380.84	01109.91	00001.37	00001.22	00001.29	1
3.102	00480.48	-00910.61	00365.97	01092.71	00001.30	00001.19	00001.38	1
3.111	00474.79	-00900.96	00356.24	01078.91	00001.25	00001.17	00001.47	1
3.120	00473.22	-00892.81	00350.88	01069.65	00001.21	00001.15	00001.54	1
3.129	00471.42	-00886.54	00345.37	01061.82	00001.16	00001.13	00001.58	1
3.138	00471.79	-00880.22	00341.86	01055.57	00001.12	00001.11	00001.64	1
3.146	00474.11	-00875.37	00341.02	01052.31	00001.07	00001.10	00001.69	1
3.155	00477.38	-00872.02	00341.53	01051.17	00001.03	00001.09	00001.73	1
3.164	00478.71	-00870.22	00340.27	01049.87	00000.97	00001.07	00001.74	1
3.173	00479.27	-00869.68	00339.00	01049.27	00000.91	00001.05	00001.74	1
3.182	00481.39	-00869.90	00341.04	01051.08	00000.85	00001.04	00001.74	1
3.190	00483.72	-00870.97	00344.10	01054.03	00000.80	00001.03	00001.73	1
3.199	00485.60	-00873.15	00346.77	01057.57	00000.75	00001.03	00001.72	1
3.208	00487.13	-00875.96	00349.08	01061.35	00000.70	00001.02	00001.72	1
3.217	00489.94	-00878.79	00353.10	01066.30	00000.66	00001.03	00001.73	1
3.225	00492.83	-00880.45	00358.12	01070.67	00000.62	00001.04	00001.75	1
3.234	00493.32	-00878.54	00359.65	01069.83	00000.58	00001.03	00001.77	1
3.243	00492.76	-00874.44	00358.00	01065.66	00000.55	00000.99	00001.78	1
3.252	00489.87	-00869.64	00353.65	01058.92	00000.51	00000.95	00001.79	1
3.260	00487.23	-00864.91	00349.27	01052.36	00000.48	00000.90	00001.81	1
3.269	00487.83	-00860.23	00347.89	01048.33	00000.45	00000.86	00001.84	1
3.278	00490.98	-00856.30	00349.78	01047.22	00000.43	00000.84	00001.88	1
3.287	00492.02	-00853.92	00349.29	01045.59	00000.39	00000.83	00001.91	1
3.296	00492.38	-00851.19	00350.05	01043.79	00000.34	00000.83	00001.91	1
3.304	00496.52	-00846.48	00355.74	01043.85	00000.30	00000.83	00001.91	1
3.313	00497.98	-00840.18	00358.87	01040.52	00000.25	00000.82	00001.90	1
3.322	00493.49	-00833.68	00355.44	01031.93	00000.20	00000.79	00001.86	1
3.331	00484.64	-00827.54	00346.84	01019.80	00000.13	00000.74	00001.81	1
3.340	00477.72	-00822.67	00340.31	01010.36	00000.07	00000.70	00001.77	1
3.349	00475.51	-00818.76	00338.90	01005.65	00000.03	00000.67	00001.75	1
3.357	00475.89	-00816.39	00340.63	01004.49	-00000.01	00000.66	00001.73	1
3.366	00481.06	-00813.16	00347.11	01006.54	-00000.03	00000.66	00001.73	1
3.375	00485.71	-00808.81	00352.94	01007.30	-00000.05	00000.65	00001.72	1
3.384	00487.44	-00803.04	00354.56	01004.09	-00000.07	00000.62	00001.70	1
3.393	00479.67	-00797.26	00345.30	00992.44	-00000.11	00000.57	00001.64	1
3.402	00467.45	-00793.10	00331.77	00978.57	-00000.17	00000.52	00001.53	1
3.411	00461.25	-00788.46	00325.47	00969.71	-00000.20	00000.48	00001.45	1
3.419	00456.64	-00783.97	00321.66	00962.59	-00000.21	00000.46	00001.38	1
3.428	00451.46	-00781.51	00315.16	00955.98	-00000.24	00000.44	00001.32	1
3.437	00451.12	-00778.00	00314.56	00952.75	-00000.25	00000.43	00001.31	1
3.446	00448.18	-00775.47	00310.12	00947.84	-00000.29	00000.41	00001.31	1
3.455	00448.64	-00770.87	00310.43	00944.39	-00000.31	00000.40	00001.33	1
3.464	00445.57	-00766.26	00307.36	00938.17	-00000.34	00000.38	00001.32	1
3.473	00441.21	-00762.21	00303.86	00931.64	-00000.38	00000.37	00001.29	1
3.482	00429.62	-00758.04	00290.98	00918.63	-00000.41	00000.34	00001.22	1
3.491	00423.22	-00752.93	00285.26	00909.61	-00000.40	00000.32	00001.15	1
3.500	00414.74	-00749.95	00276.87	00900.61	-00000.39	00000.31	00001.05	1
3.509	00412.32	-00745.51	00274.80	00895.15	-00000.36	00000.31	00001.00	1
3.518	00418.27	-00742.00	00281.71	00897.15	-00000.33	00000.33	00000.99	1
3.527	00420.84	-00739.92	00284.29	00897.45	-00000.32	00000.34	00000.98	1
3.536	00419.53	-00738.06	00282.48	00894.73	-00000.35	00000.33	00000.96	1
3.545	00419.88	-00733.81	00281.97	00891.22	-00000.36	00000.32	00000.96	1
3.554	00418.44	-00727.79	00280.43	00885.11	-00000.38	00000.30	00000.95	1
3.563	00411.58	-00722.17	00273.57	00875.09	-00000.41	00000.28	00000.91	1
3.572	00402.57	-00716.69	00264.73	00863.59	-00000.43	00000.26	00000.84	1
3.581	00394.05	-00711.44	00256.05	00852.64	-00000.43	00000.23	00000.77	1
3.590	00388.47	-00707.18	00250.37	00844.80	-00000.41	00000.22	00000.71	1
3.599	00386.25	-00704.90	00249.21	00841.54	-00000.40	00000.21	00000.66	1
3.608	00386.04	-00702.86	00250.36	00840.07	-00000.38	00000.21	00000.61	1
3.617	00383.54	-00700.56	00249.44	00836.72	-00000.39	00000.20	00000.57	1
3.626	00380.70	-00697.00	00248.75	00832.24	-00000.40	00000.19	00000.52	1
3.635	00375.20	-00691.85	00244.91	00824.27	-00000.42	00000.17	00000.46	1
3.645	00370.91	-00682.84	00242.76	00814.11	-00000.43	00000.14	00000.41	1
3.654	00369.39	-00673.34	00244.75	00806.07	-00000.42	00000.13	00000.37	1
3.663	00367.76	-00663.84	00247.13	00798.13	-00000.42	00000.12	00000.33	1
3.672	00367.60	-00653.18	00249.97	00790.10	-00000.41	00000.10	00000.31	1
3.681	00365.06	-00644.60	00249.59	00781.71	-00000.41	00000.06	00000.29	1
3.690	00361.13	-00636.63	00248.18	00772.86	-00000.43	00000.03	00000.27	1
3.699	00359.92	-00629.33	00249.87	00766.83	-00000.45	00000.01	00000.26	1
3.709	00353.22	-00622.58	00245.97	00756.88	-00000.48	-00000.01	00000.23	1
3.718	00350.49	-00611.21	00245.68	00746.18	-00000.49	-00000.04	00000.23	1
3.727	00343.72	-00600.01	00242.54	00732.79	-00000.51	-00000.06	00000.21	1
3.736	00337.90	-00587.40	00241.61	00719.44	-00000.52	-00000.08	00000.21	1
3.746	00338.65	-00571.62	00246.85	00708.78	-00000.49	-00000.09	00000.24	1
3.755	00337.85	-00556.62	00249.97	00697.46	-00000.48	-00000.10	00000.27	1
3.764	00328.88	-00544.70	00243.53	00681.30	-00000.51	-00000.13	00000.26	1
3.773	00323.69	-00533.47	00240.85	00668.86	-00000.53	-00000.16	00000.25	1
3.783	00321.81	-00523.53	00241.60	00660.32	-00000.54	-00000.18	00000.25	1
3.792	00322.00	-00512.92	00244.44	00653.08	-00000.55	-00000.20	00000.24	1
3.801	00322.03	-00502.62	00247.30	00646.13	-00000.55	-00000.22	00000.22	1
3.811	00314.77	-00492.90	00242.06	00632.94	-00000.58	-00000.26	00000.18	1
3.820	00305.48	-00484.52	00235.18	00619.18	-00000.62	-00000.29	00000.13	1
3.830	00295.15	-00475.42	00227.52	00604.07	-00000.65	-00000.33	00000.09	1
3.839	00288.74	-00466.30	00224.91	00592.78	-00000.65	-00000.35	00000.05	1
3.848	00283.05	-00458.83	00223.01	00583.42	-00000.64	-00000.35	00000.01	1
3.858	00278.86	-00448.96	00222.81	00573.56	-00000.62	-00000.36	-00000.03	1
3.867	00275.91	-00437.48	00222.79	00563.16	-00000.58	-00000.37	-00000.05	1
3.877	00272.38	-00424.94	00223.04	00551.83	-00000.53	-00000.37	-00000.08	1
3.886	00267.09	-00412.57	00222.13	00539.34	-00000.50	-00000.37	-00000.12	1
3.896	00266.53	-00397.74	00225.29	00529.14	-00000.44	-00000.37	-00000.14	1
3.905	00266.19	-00383.29	00228.55	00519.62	-00000.39	-00000.37	-00000.15	1
3.915	00263.37	-00370.68	00228.21	00508.77	-00000.36	-00000.37	-00000.18	1
3.925	00260.52	-00360.11	00226.10	00498.67	-00000.35	-00000.38	-00000.20	1
3.934	00256.89	-00349.56	00223.46	00487.98	-00000.34	-00000.40	-00000.21	1
3.944	00257.56	-00339.52	00226.97	00482.83	-00000.32	-00000.38	-00000.22	1
3.953	00259.19	-00328.62	00231.75	00478.42	-00000.30	-00000.37	-00000.22	1
3.963	00259.63	-00317.33	00234.49	00472.33	-00000.27	-00000.36	-00000.22	1
3.973	00249.61	-00306.71	00225.99	00455.47	-00000.28	-00000.38	-00000.25	1
3.982	00248.53	-00293.52	00226.68	00446.44	-00000.26	-00000.39	-00000.23	1
3.992	00237.65	-00281.17	00217.17	00427.43	-00000.27	-00000.40	-00000.25	1
4.002	00228.97	-00271.37	00210.93	00412.99	-00000.28	-00000.41	-00000.26	1
4.012	00231.16	-00260.02	00215.27	00409.13	-00000.25	-00000.42	-00000.23	1
4.021	00234.43	-00249.22	00220.51	00407.05	-00000.22	-00000.42	-00000.18	1
4.031	00238.07	-00240.19	00225.79	00406.63	-00000.19	-00000.42	-00000.13	1
4.041	00233.51	-00235.92	00223.15	00399.98	-00000.20	-00000.41	-00000.14	1
4.051	00221.19	-00233.02	00211.44	00384.62	-00000.24	-00000.42	-00000.17	1
4.060	00212.96	-00230.50	00205.29	00375.00	-00000.27	-00000.42	-00000.20	1
4.070	00203.12	-00227.21	00197.26	00363.03	-00000.29	-00000.41	-00000.24	1
4.080	00192.32	-00222.58	00187.67	00348.93	-00000.30	-00000.41	-00000.29	1
4.090	00186.78	-00214.17	00183.40	00338.22	-00000.28	-00000.41	-00000.31	1
4.100	00187.60	-00201.90	00185.34	00332.12	-00000.23	-00000.41	-00000.31	1
4.110	00187.47	-00188.01	00186.49	00324.45	-00000.17	-00000.41	-00000.30	1
4.119	00188.35	-00174.71	00190.89	00320.06	-00000.11	-00000.39	-00000.29	1
4.129	00186.17	-00164.02	00191.26	00313.27	-00000.08	-00000.37	-00000.29	1
4.139	00182.46	-00152.67	00187.39	00302.84	-00000.04	-00000.37	-00000.29	1
4.149	00177.69	-00142.25	00184.16	00292.78	-00000.01	-00000.35	-00000.28	1
4.159	00178.99	-00132.34	00185.80	00289.95	00000.04	-00000.33	-00000.24	1
4.169	00182.95	-00122.84	00192.59	00292.66	00000.10	-00000.30	-00000.18	1
4.179	00184.58	-00114.19	00193.87	00291.03	00000.14	-00000.28	-00000.14	1
4.189	00180.67	-00108.48	00189.90	00283.68	00000.14	-00000.26	-00000.11	1
4.199	00180.75	-00103.56	00192.14	00283.39	00000.16	-00000.23	-00000.08	1
4.209	00177.80	-00099.64	00188.84	00277.85	00000.16	-00000.20	-00000.07	1
4.219	00173.47	-00096.36	00183.43	00270.23	00000.16	-00000.19	-00000.07	1
4.229	00168.75	-00092.42	00179.24	00262.96	00000.15	-00000.17	-00000.05	1
4.239	00168.29	-00089.43	00181.66	00263.29	00000.15	-00000.12	-00000.03	1
4.249	00173.71	-00084.69	00189.56	00270.70	00000.18	-00000.05	00000.02	1
4.259	00177.40	-00081.35	00194.31	00275.41	00000.20	00000.01	00000.05	1
4.269	00179.21	-00078.78	00196.66	00277.49	00000.21	00000.06	00000.07	1
4.279	00180.90	-00076.28	00197.56	00278.52	00000.23	00000.11	00000.11	1
4.289	00184.32	-00074.16	00199.20	00281.34	00000.25	00000.16	00000.16	1
4.299	00187.86	-00072.62	00200.34	00284.08	00000.28	00000.20	00000.22	1
4.309	00191.08	-00071.09	00199.34	00285.13	00000.31	00000.24	00000.28	1
4.319	00197.06	-00070.48	00200.25	00289.65	00000.34	00000.29	00000.33	1
4.329	00207.50	-00069.67	00205.37	00300.14	00000.38	00000.33	00000.40	1
4.339	00222.04	-00071.18	00215.22	00317.31	00000.42	00000.38	00000.47	1
4.350	00242.92	-00074.58	00234.66	00345.88	00000.49	00000.48	00000.55	1
4.360	00260.06	-00078.98	00251.82	00370.52	00000.54	00000.57	00000.62	1
4.370	00271.41	-00086.40	00263.60	00388.08	00000.59	00000.65	00000.67	1
4.380	00272.95	-00095.46	00264.84	00392.12	00000.60	00000.70	00000.67	1
4.390	00269.23	-00104.39	00260.26	00388.74	00000.60	00000.74	00000.66	1
4.400	00255.10	-00114.04	00245.16	00371.73	00000.56	00000.76	00000.59	1
4.410	00238.26	-00120.91	00225.86	00349.86	00000.53	00000.77	00000.52	1
4.420	00219.59	-00125.01	00204.61	00325.13	00000.50	00000.77	00000.44	1
4.430	00208.22	-00126.00	00190.98	00309.36	00000.52	00000.78	00000.38	1
4.440	00209.21	-00124.64	00190.85	00309.40	00000.58	00000.81	00000.33	1
4.450	00214.02	-00122.68	00195.33	00314.66	00000.66	00000.82	00000.28	1
4.460	00224.46	-00122.04	00206.54	00328.53	00000.75	00000.84	00000.23	1
4.470	00232.98	-00122.48	00215.59	00340.23	00000.82	00000.84	00000.16	1
4.480	00236.02	-00124.03	00219.75	00345.51	00000.87	00000.82	00000.06	1
4.490	00234.09	-00124.50	00217.85	00343.16	00000.91	00000.76	-00000.03	1
4.500	00227.76	-00124.05	00209.98	00333.70	00000.93	00000.68	-00000.12	1
4.510	00217.04	-00123.15	00195.82	00317.20	00000.95	00000.59	-00000.21	1
4.520	00207.63	-00121.34	00182.80	00302.08	00000.98	00000.51	-00000.28	1
4.530	00201.84	-00119.44	00175.93	00293.19	00001.01	00000.50	-00000.33	1
4.540	00199.97	-00117.41	00175.21	00290.64	00001.05	00000.52	-00000.36	1
4.550	00203.58	-00115.43	00182.14	00296.55	00001.10	00000.59	-00000.36	1
4.560	00212.97	-00113.21	00195.53	00310.49	00001.17	00000.68	-00000.33	1
4.571	00219.41	-00112.13	00204.77	00320.38	00001.20	00000.76	-00000.30	1
4.581	00228.04	-00109.12	00213.97	00331.20	00001.25	00000.83	-00000.23	1
4.591	00231.60	-00105.77	00216.97	00334.51	00001.26	00000.87	-00000.16	1
4.601	00238.57	-00104.02	00224.34	00343.61	00001.26	00000.92	-00000.08	1
4.611	00251.73	-00102.92	00238.76	00361.89	00001.25	00001.00	00000.02	1
4.621	00260.06	-00101.53	00246.68	00372.54	00001.23	00001.06	00000.11	1
4.631	00263.31	-00097.96	00247.34	00374.30	00001.18	00001.08	00000.20	1
4.641	00268.62	-00095.17	00251.45	00380.06	00001.13	00001.12	00000.29	1
4.651	00274.49	-00092.80	00256.74	00387.13	00001.09	00001.15	00000.37	1
4.662	00274.53	-00090.46	00254.13	00384.87	00001.03	00001.16	00000.43	1
4.672	00274.83	-00088.49	00250.15	00382.02	00000.99	00001.18	00000.46	1
4.682	00281.40	-00086.45	00253.74	00388.64	00000.97	00001.21	00000.51	1
4.692	00283.21	-00086.37	00252.86	00389.37	00000.95	00001.24	00000.52	1
4.702	00281.42	-00086.44	00246.03	00383.67	00000.92	00001.25	00000.51	1
4.712	00284.78	-00087.08	00246.04	00386.29	00000.92	00001.29	00000.52	1
4.722	00281.69	-00088.53	00238.06	00379.29	00000.91	00001.30	00000.49	1
4.733	00283.96	-00089.04	00235.59	00379.56	00000.93	00001.32	00000.48	1
4.743	00286.85	-00092.00	00236.33	00382.88	00000.96	00001.35	00000.46	1
4.753	00287.33	-00095.29	00232.79	00381.88	00000.98	00001.36	00000.43	1
4.763	00287.79	-00099.27	00230.12	00381.62	00001.00	00001.37	00000.40	1
4.773	00287.31	-00102.82	00226.54	00380.05	00001.03	00001.38	00000.37	1
4.783	00291.27	-00106.17	00230.15	00386.11	00001.06	00001.40	00000.36	1
4.793	00293.04	-00111.86	00232.76	00390.60	00001.09	00001.44	00000.32	1
4.804	00292.94	-00115.90	00231.48	00390.94	00001.12	00001.45	00000.29	1
4.814	00296.61	-00119.03	00235.46	00396.97	00001.16	00001.49	00000.27	1
4.824	00295.65	-00122.35	00233.79	00396.27	00001.19	00001.52	00000.25	1
4.834	00291.55	-00124.84	00226.75	00389.87	00001.20	00001.53	00000.22	1
4.844	00289.81	-00126.69	00223.23	00387.14	00001.23	00001.54	00000.19	1
4.854	00288.17	-00128.49	00219.82	00384.54	00001.25	00001.56	00000.16	1
4.864	00287.80	-00128.20	00216.87	00382.49	00001.27	00001.57	00000.15	1
4.874	00292.65	-00127.69	00220.51	00388.04	00001.31	00001.60	00000.14	1
4.885	00295.78	-00126.29	00221.56	00390.54	00001.34	00001.62	00000.13	1
4.895	00299.39	-00124.90	00223.45	00393.91	00001.36	00001.64	00000.12	1
4.905	00303.26	-00123.32	00224.95	00397.22	00001.38	00001.65	00000.11	1
4.915	00303.93	-00121.77	00223.67	00396.52	00001.38	00001.66	00000.10	1
4.925	00308.76	-00121.54	00226.69	00401.86	00001.39	00001.68	00000.09	1
4.935	00311.75	-00121.94	00228.41	00405.25	00001.39	00001.70	00000.09	1
4.946	00316.09	-00122.51	00231.15	00410.31	00001.39	00001.71	00000.09	1
4.956	00318.31	-00123.31	00231.15	00412.25	00001.39	00001.72	00000.09	1
4.966	00323.91	-00122.65	00233.58	00417.76	00001.40	00001.73	00000.12	1
4.976	00327.88	-00122.64	00235.77	00422.06	00001.40	00001.75	00000.13	1
4.986	00329.45	-00121.14	00233.03	00421.32	00001.38	00001.75	00000.16	1
4.997	00330.88	-00120.45	00231.68	00421.50	00001.37	00001.75	00000.19	1
5.007	00333.65	-00119.67	00231.61	00423.43	00001.36	00001.76	00000.22	1
5.017	00339.95	-00119.38	00235.26	00430.31	00001.35	00001.78	00000.27	1
5.027	00344.95	-00119.51	00237.31	00435.42	00001.34	00001.79	00000.30	1
5.037	00348.66	-00120.47	00236.94	00438.42	00001.33	00001.79	00000.34	1
5.048	00352.14	-00124.08	00239.18	00443.41	00001.31	00001.83	00000.36	1
5.058	00360.62	-00126.28	00245.64	00454.24	00001.31	00001.86	00000.41	1
5.068	00361.87	-00129.95	00243.60	00455.17	00001.29	00001.88	00000.43	1
5.078	00364.61	-00131.88	00241.72	00456.91	00001.27	00001.90	00000.45	1
5.088	00369.18	-00135.46	00241.52	00461.49	00001.26	00001.92	00000.46	1
5.098	00373.87	-00137.39	00239.00	00464.52	00001.26	00001.94	00000.47	1
5.109	00381.52	-00142.19	00239.62	00472.43	00001.27	00001.99	00000.47	1
5.119	00386.49	-00147.42	00235.51	00476.00	00001.27	00002.02	00000.46	1
5.129	00396.08	-00155.99	00235.57	00486.53	00001.29	00002.07	00000.44	1
5.139	00403.97	-00167.32	00233.23	00495.57	00001.31	00002.12	00000.40	1
5.149	00414.21	-00181.09	00232.42	00508.32	00001.34	00002.18	00000.36	1
5.160	00424.00	-00199.95	00230.80	00522.52	00001.38	00002.25	00000.29	1
5.170	00434.52	-00223.16	00229.00	00539.49	00001.42	00002.33	00000.22	1
5.180	00444.85	-00251.29	00226.71	00558.96	00001.47	00002.42	00000.12	1
5.190	00460.05	-00279.84	00228.79	00585.07	00001.54	00002.52	00000.04	1
5.200	00475.48	-00307.56	00228.51	00610.65	00001.64	00002.59	-00000.03	1
5.210	00489.34	-00340.56	00226.96	00637.93	00001.73	00002.69	-00000.13	1
5.220	00499.93	-00377.52	00222.15	00664.68	00001.82	00002.78	-00000.25	1
5.230	00511.91	-00417.44	00218.19	00695.65	00001.91	00002.88	-00000.38	1
5.240	00528.21	-00457.03	00219.51	00732.16	00002.04	00003.00	-00000.51	1
5.250	00544.52	-00494.99	00221.27	00768.43	00002.18	00003.12	-00000.64	1
5.259	00564.71	-00532.21	00230.10	00809.37	00002.34	00003.26	-00000.76	1
5.269	00578.94	-00569.46	00233.24	00844.90	00002.48	00003.38	-00000.90	1
5.279	00591.02	-00602.97	00234.14	00876.18	00002.62	00003.49	-00001.03	1
5.289	00605.77	-00633.53	00239.93	00908.78	00002.77	00003.61	-00001.14	1
5.298	00618.29	-00661.97	00244.08	00938.12	00002.91	00003.72	-00001.24	1
5.308	00624.90	-00688.60	00243.27	00961.18	00003.01	00003.80	-00001.36	1
5.318	00629.97	-00711.68	00241.31	00980.61	00003.11	00003.87	-00001.47	1
5.328	00642.35	-00730.92	00249.86	01004.63	00003.22	00003.96	-00001.52	1
5.337	00654.64	-00749.18	00258.16	01027.85	00003.33	00004.05	-00001.58	1
5.347	00663.16	-00763.60	00261.91	01044.74	00003.43	00004.13	-00001.63	1
5.356	00663.25	-00777.14	00255.43	01053.13	00003.48	00004.19	-00001.70	1
5.366	00668.68	-00788.07	00258.55	01065.38	00003.55	00004.28	-00001.75	1
5.376	00676.46	-00793.33	00262.77	01075.18	00003.63	00004.33	-00001.78	1
5.385	00679.23	-00799.97	00265.34	01082.46	00003.68	00004.40	-00001.84	1
5.395	00685.27	-00802.11	00269.76	01088.91	00003.75	00004.43	-00001.87	1
5.405	00688.43	-00806.32	00273.37	01094.90	00003.79	00004.48	-00001.92	1
5.414	00694.34	-00805.02	00277.96	01098.83	00003.84	00004.50	-00001.93	1
5.424	00698.37	-00806.62	00283.36	01103.92	00003.88	00004.53	-00001.96	1
5.434	00703.95	-00802.73	00288.36	01105.92	00003.91	00004.52	-00001.97	1
5.444	00714.47	-00800.13	00301.17	01114.17	00003.95	00004.53	-00001.99	1
5.453	00720.13	-00796.84	00307.84	01117.27	00003.96	00004.50	-00002.02	1
5.463	00729.67	-00793.12	00320.09	01124.24	00003.97	00004.46	-00002.03	1
5.473	00732.82	-00792.59	00326.33	01127.70	00003.94	00004.40	-00002.07	1
5.482	00732.59	-00790.48	00328.62	01126.74	00003.90	00004.30	-00002.10	1
5.492	00732.96	-00789.24	00333.00	01127.39	00003.85	00004.20	-00002.11	1
5.502	00725.99	-00789.89	00329.90	01122.42	00003.77	00004.08	-00002.14	1
5.511	00725.42	-00791.18	00333.73	01124.09	00003.73	00003.97	-00002.14	1
5.521	00725.83	-00792.27	00339.33	01126.79	00003.67	00003.87	-00002.13	1
5.531	00725.71	-00793.03	00345.36	01129.08	00003.59	00003.76	-00002.10	1
5.540	00732.82	-00790.52	00359.51	01136.30	00003.53	00003.66	-00002.02	1
5.550	00737.15	-00789.88	00370.83	01142.28	00003.45	00003.56	-00001.95	1
5.559	00737.63	-00790.07	00376.04	01144.42	00003.37	00003.44	-00001.89	1
5.569	00732.01	-00792.25	00372.17	01141.06	00003.28	00003.32	-00001.84	1
5.578	00726.78	-00795.55	00368.39	01138.78	00003.20	00003.24	-00001.79	1
5.588	00721.65	-00800.30	00364.98	01137.75	00003.14	00003.17	-00001.75	1
5.597	00715.38	-00807.72	00360.23	01137.52	00003.08	00003.12	-00001.72	1
5.607	00710.49	-00813.51	00355.93	01137.22	00003.03	00003.05	-00001.68	1
5.616	00711.32	-00820.87	00359.49	01144.13	00003.02	00003.01	-00001.65	1
5.626	00704.21	-00828.90	00354.32	01143.91	00003.00	00002.97	-00001.65	1
5.635	00707.59	-00834.66	00363.20	01152.93	00003.03	00002.96	-00001.61	1
5.644	00707.30	-00838.08	00368.02	01156.75	00003.04	00002.93	-00001.56	1
5.654	00707.50	-00840.08	00374.96	01160.55	00003.04	00002.91	-00001.50	1
5.663	00711.74	-00837.28	00385.77	01164.66	00003.05	00002.88	-00001.41	1
5.672	00713.65	-00832.49	00395.90	01165.79	00003.05	00002.84	-00001.30	1
5.682	00706.49	-00828.39	00399.62	01159.76	00003.01	00002.78	-00001.22	1
5.691	00694.23	-00823.52	00399.37	01148.76	00002.93	00002.71	-00001.14	1
5.700	00683.25	-00816.64	00399.69	01137.31	00002.87	00002.63	-00001.05	1
5.710	00677.24	-00809.07	00403.96	01129.79	00002.83	00002.57	-00000.94	1
5.719	00673.29	-00803.48	00408.87	01125.20	00002.81	00002.53	-00000.85	1
5.728	00671.74	-00798.13	00414.16	01122.39	00002.83	00002.51	-00000.76	1
5.738	00677.35	-00792.60	00426.88	01126.60	00002.89	00002.50	-00000.66	1
5.747	00685.31	-00787.25	00442.43	01133.65	00002.94	00002.50	-00000.55	1
5.756	00687.12	-00784.60	00453.15	01137.13	00002.96	00002.49	-00000.47	1
5.766	00677.21	-00783.52	00453.07	01130.40	00002.93	00002.45	-00000.41	1
5.775	00661.02	-00783.67	00447.20	01118.52	00002.86	00002.41	-00000.37	1
5.784	00641.54	-00783.64	00436.55	01102.83	00002.79	00002.36	-00000.35	1
5.793	00616.00	-00784.41	00417.19	01081.11	00002.70	00002.28	-00000.36	1
5.803	00600.23	-00782.19	00406.54	01066.48	00002.66	00002.22	-00000.34	1
5.812	00589.64	-00779.46	00401.25	01056.52	00002.65	00002.16	-00000.31	1
5.821	00590.04	-00776.93	00410.58	01058.46	00002.66	00002.16	-00000.27	1
5.830	00588.47	-00775.31	00418.20	01059.39	00002.67	00002.17	-00000.23	1
5.840	00576.77	-00774.29	00412.18	01049.80	00002.65	00002.13	-00000.22	1
5.849	00572.84	-00772.01	00412.74	01046.18	00002.65	00002.10	-00000.19	1
5.858	00574.57	-00770.99	00419.28	01048.98	00002.68	00002.08	-00000.14	1
5.867	00570.75	-00774.63	00421.09	01050.30	00002.67	00002.07	-00000.14	1
5.876	00563.42	-00778.41	00416.76	01047.41	00002.66	00002.04	-00000.15	1
5.886	00557.83	-00782.85	00413.69	01046.50	00002.66	00002.02	-00000.15	1
5.895	00555.66	-00790.92	00415.87	01052.27	00002.66	00002.04	-00000.17	1
5.904	00553.26	-00793.69	00414.30	01052.47	00002.68	00002.01	-00000.15	1
5.913	00553.71	-00800.88	00419.87	01060.33	00002.69	00002.02	-00000.15	1
5.922	00556.63	-00805.05	00425.59	01067.27	00002.73	00002.01	-00000.13	1
5.931	00562.29	-00812.79	00434.46	01079.61	00002.77	00002.04	-00000.13	1
5.940	00560.40	-00820.34	00433.43	01083.91	00002.79	00002.03	-00000.14	1
5.950	00563.17	-00828.11	00437.39	01092.81	00002.82	00002.03	-00000.14	1
5.959	00566.14	-00838.91	00443.97	01105.17	00002.84	00002.06	-00000.16	1
5.968	00561.78	-00850.03	00443.38	01111.19	00002.83	00002.08	-00000.20	1
5.977	00554.24	-00859.07	00439.63	01112.86	00002.81	00002.08	-00000.23	1
5.986	00544.92	-00867.41	00433.07	01112.15	00002.80	00002.07	-00000.27	1
5.995	00543.57	-00873.55	00434.28	01116.76	00002.82	00002.07	-00000.28	1
6.004	00548.20	-00878.28	00442.11	01125.77	00002.86	00002.09	-00000.28	1
6.013	00555.11	-00881.59	00452.88	01135.98	00002.91	00002.12	-00000.27	1
6.022	00561.16	-00883.09	00462.47	01143.95	00002.95	00002.13	-00000.26	1
6.031	00565.93	-00883.20	00469.53	01149.25	00002.98	00002.12	-00000.24	1
6.040	00570.77	-00883.36	00475.71	01154.30	00003.02	00002.11	-00000.23	1
6.049	00565.78	-00886.21	00470.52	01151.90	00003.02	00002.08	-00000.24	1
6.058	00556.59	-00892.68	00460.61	01148.40	00002.99	00002.05	-00000.27	1
6.067	00553.22	-00899.27	00457.30	01150.59	00002.99	00002.04	-00000.28	1
6.076	00551.43	-00905.75	00454.24	01153.60	00002.99	00002.03	-00000.30	1
6.085	00553.07	-00910.84	00454.63	01158.54	00003.00	00002.03	-00000.30	1
6.094	00551.62	-00915.47	00452.66	01160.72	00003.00	00002.03	-00000.31	1
6.103	00549.78	-00918.76	00450.64	01161.66	00003.00	00002.03	-00000.31	1
6.112	00559.10	-00920.39	00461.25	01171.52	00003.04	00002.06	-00000.28	1
6.121	00564.93	-00921.75	00468.22	01178.13	00003.07	00002.08	-00000.27	1
6.130	00573.38	-00922.14	00478.32	01186.55	00003.10	00002.10	-00000.24	1
6.139	00585.30	-00920.87	00491.90	01196.89	00003.16	00002.13	-00000.20	1
6.148	00581.87	-00922.09	00488.34	01194.70	00003.14	00002.12	-00000.21	1
6.157	00579.47	-00924.24	00485.52	01194.04	00003.13	00002.11	-00000.22	1
6.166	00574.28	-00925.97	00480.11	01190.69	00003.11	00002.09	-00000.25	1
6.175	00568.35	-00927.65	00473.72	01186.58	00003.08	00002.05	-00000.27	1
6.183	00573.59	-00929.38	00480.74	01193.26	00003.10	00002.05	-00000.26	1
6.192	00572.24	-00933.15	00481.75	01195.96	00003.09	00002.05	-00000.28	1
6.201	00574.51	-00934.33	00486.83	01200.02	00003.08	00002.05	-00000.28	1
6.210	00569.41	-00935.28	00484.09	01197.21	00003.05	00002.03	-00000.29	1
6.219	00568.29	-00932.53	00485.03	01194.91	00003.04	00002.02	-00000.29	1
6.228	00559.73	-00930.89	00477.67	01186.61	00002.99	00001.99	-00000.30	1
6.237	00559.31	-00926.45	00477.13	01182.70	00002.97	00001.98	-00000.27	1
6.246	00553.91	-00924.12	00470.87	01175.81	00002.93	00001.97	-00000.25	1
6.255	00548.71	-00920.88	00464.69	01168.35	00002.90	00001.97	-00000.22	1
6.264	00545.82	-00916.28	00462.22	01162.38	00002.88	00001.98	-00000.18	1
6.273	00547.73	-00910.97	00465.20	01160.30	00002.89	00001.99	-00000.13	1
6.282	00555.49	-00905.09	00475.40	01163.51	00002.91	00002.02	-00000.08	1
6.291	00550.94	-00899.59	00471.69	01155.55	00002.89	00002.01	-00000.07	1
6.300	00546.15	-00895.50	00467.03	01148.18	00002.86	00001.99	-00000.06	1
6.309	00541.29	-00892.05	00460.44	01140.50	00002.85	00001.97	-00000.07	1
6.318	00529.44	-00891.93	00446.05	01129.08	00002.80	00001.94	-00000.09	1
6.327	00521.85	-00894.36	00437.60	01124.15	00002.77	00001.92	-00000.11	1
6.336	00521.97	-00894.96	00437.32	01124.57	00002.77	00001.93	-00000.11	1
6.345	00520.55	-00895.64	00437.17	01124.39	00002.76	00001.94	-00000.11	1
6.354	00519.11	-00895.76	00436.65	01123.63	00002.75	00001.94	-00000.12	1
6.363	00522.82	-00892.50	00440.49	01124.24	00002.76	00001.95	-00000.10	1
6.372	00522.77	-00888.76	00440.29	01121.18	00002.76	00001.95	-00000.09	1
6.380	00522.14	-00884.43	00439.24	01117.04	00002.74	00001.95	-00000.08	1
6.389	00524.50	-00878.70	00440.47	01114.10	00002.73	00001.95	-00000.06	1
6.399	00527.51	-00870.94	00440.53	01109.45	00002.73	00001.95	-00000.04	1
6.408	00527.96	-00863.06	00438.47	01102.66	00002.72	00001.94	-00000.02	1
6.417	00519.68	-00857.17	00426.72	01089.45	00002.67	00001.91	-00000.03	1
6.426	00509.59	-00852.77	00413.11	01075.90	00002.61	00001.88	-00000.05	1
6.435	00503.45	-00847.97	00403.90	01065.66	00002.56	00001.86	-00000.06	1
6.444	00499.24	-00842.87	00396.84	01056.96	00002.53	00001.84	-00000.06	1
6.453	00498.24	-00837.65	00393.72	01051.15	00002.50	00001.84	-00000.05	1
6.462	00497.64	-00833.11	00391.63	01046.47	00002.48	00001.85	-00000.04	1
6.471	00497.06	-00830.50	00389.92	01043.48	00002.45	00001.86	-00000.03	1
6.480	00487.25	-00829.80	00376.57	01033.34	00002.39	00001.85	-00000.05	1
6.489	00478.51	-00830.43	00363.33	01024.99	00002.33	00001.83	-00000.07	1
6.498	00474.40	-00831.03	00352.47	01019.75	00002.30	00001.79	-00000.06	1
6.507	00478.82	-00834.40	00350.02	01023.72	00002.30	00001.79	-00000.04	1
6.516	00484.90	-00839.36	00350.67	01030.83	00002.30	00001.80	-00000.02	1
6.525	00490.77	-00844.29	00351.88	01038.03	00002.30	00001.81	-00000.01	1
6.534	00494.43	-00849.00	00352.09	01043.66	00002.28	00001.82	00000.00	1
6.544	00494.64	-00852.65	00349.57	01045.89	00002.26	00001.82	-00000.01	1
6.553	00492.79	-00855.59	00345.55	01046.08	00002.24	00001.82	-00000.02	1
6.562	00490.58	-00858.00	00341.23	01045.59	00002.21	00001.81	-00000.03	1
6.571	00487.18	-00861.34	00335.39	01044.86	00002.18	00001.81	-00000.04	1
6.580	00483.27	-00866.56	00328.80	01045.27	00002.14	00001.81	-00000.06	1
6.589	00476.75	-00873.60	00319.52	01045.26	00002.09	00001.80	-00000.08	1
6.598	00471.96	-00879.80	00311.92	01045.99	00002.04	00001.80	-00000.10	1
6.607	00469.90	-00885.43	00306.81	01048.29	00002.00	00001.79	-00000.11	1
6.616	00467.92	-00891.65	00300.78	01050.93	00001.96	00001.78	-00000.11	1
6.625	00473.31	-00901.03	00302.82	01061.88	00001.94	00001.81	-00000.12	1
6.634	00483.84	-00909.14	00310.28	01075.60	00001.95	00001.85	-00000.10	1
6.643	00491.18	-00917.07	00313.61	01086.57	00001.94	00001.87	-00000.09	1
6.652	00489.77	-00925.88	00308.17	01091.84	00001.91	00001.86	-00000.11	1
6.661	00491.28	-00933.59	00307.92	01098.98	00001.89	00001.87	-00000.11	1
6.670	00495.32	-00938.12	00311.05	01105.52	00001.89	00001.88	-00000.10	1
6.679	00496.47	-00939.18	00311.46	01107.04	00001.87	00001.86	-00000.09	1
6.687	00504.69	-00939.16	00320.12	01113.19	00001.88	00001.89	-00000.08	1
6.696	00501.34	-00938.70	00314.47	01109.68	00001.84	00001.86	-00000.08	1
6.705	00501.92	-00939.03	00312.00	01109.52	00001.81	00001.85	-00000.07	1
6.714	00502.85	-00940.21	00307.38	01109.65	00001.77	00001.84	-00000.07	1
6.723	00506.19	-00942.37	00303.43	01111.91	00001.73	00001.83	-00000.04	1
6.732	00522.89	-00943.66	00314.44	01123.74	00001.74	00001.87	00000.00	1
6.741	00527.47	-00943.97	00311.24	01125.24	00001.70	00001.87	00000.02	1
6.750	00530.31	-00942.88	00309.34	01125.14	00001.65	00001.88	00000.04	1
6.759	00531.10	-00939.17	00306.31	01121.57	00001.60	00001.87	00000.06	1
6.768	00532.44	-00933.51	00305.60	01117.28	00001.56	00001.87	00000.08	1
6.777	00533.07	-00926.00	00304.01	01110.89	00001.52	00001.87	00000.10	1
6.786	00532.76	-00917.62	00301.75	01103.14	00001.48	00001.85	00000.14	1
6.795	00535.35	-00909.36	00303.03	01097.89	00001.45	00001.83	00000.17	1
6.804	00540.40	-00901.55	00306.30	01094.83	00001.42	00001.83	00000.21	1
6.813	00547.86	-00895.68	00310.67	01094.94	00001.41	00001.84	00000.25	1
6.822	00548.86	-00893.46	00305.34	01092.13	00001.36	00001.82	00000.27	1
6.831	00546.52	-00894.82	00294.96	01089.22	00001.29	00001.78	00000.28	1
6.840	00545.12	-00899.41	00284.40	01089.49	00001.22	00001.75	00000.29	1
6.849	00545.35	-00906.33	00276.04	01093.18	00001.16	00001.72	00000.30	1
6.858	00546.75	-00912.74	00271.08	01097.95	00001.10	00001.69	00000.30	1
6.867	00551.84	-00913.56	00271.83	01101.37	00001.07	00001.66	00000.32	1
6.876	00547.33	-00912.57	00265.42	01096.72	00001.01	00001.62	00000.32	1
6.885	00545.64	-00909.12	00265.50	01093.03	00000.97	00001.60	00000.33	1
6.894	00540.62	-00904.49	00261.08	01085.60	00000.93	00001.56	00000.33	1
6.903	00533.67	-00901.62	00256.05	01078.56	00000.88	00001.53	00000.34	1
6.912	00533.30	-00899.51	00258.44	01077.18	00000.86	00001.53	00000.37	1
6.921	00531.87	-00898.25	00257.93	01075.30	00000.83	00001.53	00000.40	1
6.930	00531.20	-00895.36	00257.36	01072.42	00000.81	00001.53	00000.44	1
6.939	00529.56	-00891.66	00256.17	01068.23	00000.77	00001.53	00000.47	1
6.948	00526.74	-00885.52	00252.41	01060.81	00000.73	00001.52	00000.50	1
6.957	00524.42	-00877.38	00248.57	01051.95	00000.69	00001.50	00000.54	1
6.966	00522.87	-00867.34	00245.70	01042.13	00000.65	00001.47	00000.59	1
6.975	00523.65	-00857.36	00247.71	01034.71	00000.62	00001.46	00000.64	1
6.984	00526.53	-00845.24	00251.05	01026.98	00000.59	00001.45	00000.70	1
6.993	00527.60	-00834.60	00252.18	01019.08	00000.56	00001.44	00000.75	1
7.002	00526.92	-00824.85	00251.08	01010.48	00000.52	00001.41	00000.79	1
7.011	00523.65	-00816.81	00247.05	01001.21	00000.47	00001.38	00000.83	1
7.020	00516.49	-00810.35	00238.06	00990.00	00000.41	00001.34	00000.85	1
7.029	00510.69	-00803.97	00229.93	00979.81	00000.34	00001.31	00000.87	1
7.038	00508.82	-00795.54	00225.87	00970.98	00000.29	00001.28	00000.90	1
7.047	00504.61	-00786.08	00220.02	00959.67	00000.23	00001.25	00000.93	1
7.056	00496.75	-00776.53	00210.92	00945.65	00000.17	00001.21	00000.95	1
7.065	00491.87	-00766.18	00204.51	00933.16	00000.13	00001.17	00000.98	1
7.074	00491.20	-00755.46	00205.06	00924.15	00000.11	00001.17	00001.02	1
7.084	00492.32	-00743.09	00208.94	00915.54	00000.11	00001.17	00001.08	1
7.093	00489.51	-00728.23	00208.30	00901.85	00000.08	00001.16	00001.13	1
7.102	00486.06	-00710.55	00207.26	00885.50	00000.06	00001.15	00001.17	1
7.111	00483.13	-00689.65	00208.20	00867.40	00000.04	00001.12	00001.21	1
7.120	00476.83	-00668.01	00206.70	00846.36	00000.01	00001.10	00001.24	1
7.130	00472.40	-00643.27	00208.37	00824.85	-00000.02	00001.08	00001.27	1
7.139	00465.14	-00618.09	00206.28	00800.59	-00000.05	00001.05	00001.29	1
7.148	00458.16	-00591.95	00201.86	00775.28	-00000.09	00001.00	00001.30	1
7.158	00445.83	-00569.10	00190.13	00747.52	-00000.16	00000.93	00001.28	1
7.167	00431.56	-00549.15	00175.16	00720.06	-00000.25	00000.86	00001.24	1
7.177	00428.93	-00528.33	00172.52	00702.05	-00000.29	00000.81	00001.23	1
7.186	00417.51	-00510.86	00161.14	00679.16	-00000.37	00000.74	00001.20	1
7.195	00414.55	-00491.83	00159.72	00662.76	-00000.41	00000.68	00001.18	1
7.205	00405.09	-00475.75	00152.40	00643.16	-00000.47	00000.61	00001.12	1
7.214	00398.19	-00459.20	00149.02	00625.80	-00000.51	00000.54	00001.07	1
7.224	00390.45	-00442.26	00144.95	00607.50	-00000.53	00000.48	00001.02	1
7.234	00383.52	-00426.79	00141.77	00591.05	-00000.55	00000.43	00000.96	1
7.243	00375.65	-00412.00	00138.95	00574.60	-00000.57	00000.39	00000.91	1
7.253	00366.58	-00396.81	00135.72	00557.01	-00000.59	00000.35	00000.88	1
7.262	00362.66	-00382.05	00138.08	00544.56	-00000.59	00000.34	00000.87	1
7.272	00351.35	-00368.25	00131.49	00525.69	-00000.61	00000.30	00000.86	1
7.282	00345.72	-00354.56	00131.29	00512.32	-00000.61	00000.28	00000.86	1
7.291	00342.54	-00341.21	00133.86	00501.68	-00000.60	00000.28	00000.89	1
7.301	00334.98	-00330.00	00131.27	00488.20	-00000.62	00000.27	00000.89	1
7.311	00335.78	-00318.25	00136.71	00482.41	-00000.60	00000.28	00000.92	1
7.320	00334.19	-00307.56	00138.62	00474.86	-00000.60	00000.29	00000.93	1
7.330	00329.85	-00297.16	00138.92	00465.20	-00000.61	00000.29	00000.93	1
7.340	00330.59	-00285.70	00144.68	00460.27	-00000.60	00000.29	00000.94	1
7.350	00325.77	-00274.36	00142.98	00449.27	-00000.59	00000.26	00000.91	1
7.359	00322.00	-00263.93	00142.22	00439.96	-00000.58	00000.24	00000.88	1
7.369	00317.68	-00253.44	00140.65	00430.04	-00000.57	00000.21	00000.85	1
7.379	00314.28	-00242.57	00141.11	00421.34	-00000.55	00000.19	00000.83	1
7.389	00310.33	-00232.34	00141.91	00412.83	-00000.54	00000.18	00000.83	1
7.399	00305.64	-00223.94	00142.49	00404.81	-00000.52	00000.17	00000.82	1
7.409	00291.91	-00219.27	00133.20	00388.63	-00000.55	00000.14	00000.78	1
7.419	00280.62	-00215.96	00127.33	00376.30	-00000.57	00000.12	00000.74	1
7.428	00282.22	-00210.16	00135.92	00377.21	-00000.53	00000.12	00000.74	1
7.438	00281.41	-00205.11	00141.59	00375.91	-00000.50	00000.13	00000.73	1
7.448	00274.73	-00202.04	00140.27	00368.75	-00000.49	00000.12	00000.69	1
7.458	00273.18	-00198.00	00144.74	00367.13	-00000.47	00000.12	00000.67	1
7.468	00271.61	-00194.11	00146.96	00364.76	-00000.45	00000.10	00000.66	1
7.478	00264.75	-00192.27	00141.24	00356.39	-00000.46	00000.07	00000.62	1
7.488	00269.71	-00187.21	00148.08	00360.16	-00000.42	00000.06	00000.62	1
7.498	00273.42	-00183.56	00152.39	00362.87	-00000.40	00000.05	00000.63	1
7.508	00277.13	-00180.77	00156.25	00365.92	-00000.38	00000.04	00000.63	1
7.517	00277.82	-00178.94	00156.51	00365.65	-00000.38	00000.02	00000.63	1
7.527	00279.33	-00179.27	00158.21	00367.69	-00000.38	00000.01	00000.63	1
7.537	00278.85	-00180.57	00158.63	00368.14	-00000.40	-00000.01	00000.64	1
7.547	00275.31	-00183.64	00155.34	00365.59	-00000.42	-00000.03	00000.64	1
7.557	00280.55	-00184.50	00162.72	00373.13	-00000.41	-00000.04	00000.66	1
7.567	00281.42	-00186.33	00165.83	00376.05	-00000.41	-00000.05	00000.67	1
7.577	00278.47	-00188.84	00164.07	00374.33	-00000.42	-00000.07	00000.66	1
7.587	00277.60	-00189.17	00165.71	00374.58	-00000.42	-00000.09	00000.65	1
7.596	00279.42	-00188.98	00171.16	00378.27	-00000.40	-00000.10	00000.67	1
7.606	00277.18	-00190.30	00171.61	00377.48	-00000.41	-00000.11	00000.66	1
7.616	00271.54	-00192.95	00167.87	00373.02	-00000.43	-00000.13	00000.62	1
7.626	00266.06	-00194.84	00163.55	00368.10	-00000.45	-00000.15	00000.58	1
7.636	00272.00	-00192.30	00171.27	00374.56	-00000.41	-00000.16	00000.59	1
7.645	00279.59	-00189.42	00180.76	00383.05	-00000.38	-00000.16	00000.61	1
7.655	00286.63	-00186.56	00189.01	00390.75	-00000.36	-00000.17	00000.63	1
7.665	00289.18	-00186.88	00191.86	00394.15	-00000.35	-00000.18	00000.61	1
7.675	00286.10	-00187.42	00187.84	00390.21	-00000.37	-00000.21	00000.57	1
7.685	00283.39	-00188.19	00183.07	00386.32	-00000.39	-00000.23	00000.53	1
7.695	00289.78	-00184.56	00188.48	00391.86	-00000.38	-00000.24	00000.54	1
7.704	00296.48	-00180.06	00193.13	00397.02	-00000.36	-00000.26	00000.55	1
7.714	00303.14	-00175.57	00198.02	00402.41	-00000.34	-00000.27	00000.56	1
7.724	00300.04	-00174.19	00192.28	00396.66	-00000.36	-00000.30	00000.53	1
7.734	00296.13	-00172.45	00185.54	00389.69	-00000.37	-00000.33	00000.49	1
7.744	00294.90	-00170.03	00181.65	00385.84	-00000.37	-00000.36	00000.46	1
7.754	00298.46	-00164.19	00183.42	00386.89	-00000.34	-00000.38	00000.46	1
7.764	00304.00	-00159.65	00188.65	00391.78	-00000.30	-00000.37	00000.45	1
7.773	00299.76	-00158.73	00184.15	00385.96	-00000.31	-00000.37	00000.40	1
7.783	00291.73	-00157.56	00174.48	00374.67	-00000.31	-00000.39	00000.33	1
7.793	00287.67	-00153.71	00168.77	00367.24	-00000.28	-00000.40	00000.28	1
7.803	00282.04	-00150.24	00163.23	00358.83	-00000.24	-00000.40	00000.22	1
7.813	00272.93	-00147.31	00152.72	00345.71	-00000.19	-00000.40	00000.11	1
7.823	00270.71	-00140.67	00147.54	00338.88	-00000.09	-00000.39	00000.03	1
7.833	00264.53	-00136.86	00140.97	00329.51	00000.00	-00000.35	-00000.09	1
7.843	00268.58	-00129.26	00143.08	00330.63	00000.14	-00000.31	-00000.17	1
7.853	00271.78	-00122.05	00143.52	00330.69	00000.27	-00000.26	-00000.25	1
7.863	00278.12	-00116.07	00149.46	00336.40	00000.40	-00000.19	-00000.32	1
7.873	00289.14	-00111.40	00160.49	00348.95	00000.53	-00000.11	-00000.36	1
7.883	00294.64	-00108.47	00165.42	00354.89	00000.62	-00000.03	-00000.40	1
7.893	00294.85	-00106.43	00164.17	00353.86	00000.68	00000.03	-00000.44	1
7.903	00292.66	-00104.09	00159.48	00349.17	00000.74	00000.09	-00000.46	1
7.913	00288.39	-00101.82	00153.42	00342.16	00000.77	00000.17	-00000.47	1
7.923	00291.23	-00100.62	00157.44	00346.01	00000.81	00000.29	-00000.45	1
7.933	00298.67	-00097.71	00167.89	00356.28	00000.87	00000.43	-00000.40	1
7.943	00299.58	-00092.76	00169.79	00356.63	00000.91	00000.52	-00000.35	1
7.954	00298.23	-00091.04	00171.65	00355.94	00000.94	00000.61	-00000.34	1
7.964	00300.50	-00089.03	00175.24	00359.07	00000.98	00000.69	-00000.31	1
7.974	00295.18	-00089.41	00169.88	00352.12	00000.99	00000.75	-00000.32	1
7.984	00305.09	-00087.73	00181.77	00365.81	00001.07	00000.85	-00000.27	1
7.994	00307.66	-00087.75	00184.92	00369.53	00001.09	00000.93	-00000.23	1
8.004	00311.30	-00086.26	00186.68	00373.10	00001.12	00001.00	-00000.17	1
8.015	00313.23	-00085.74	00188.09	00375.29	00001.13	00001.08	-00000.11	1
8.025	00315.41	-00084.09	00188.97	00377.17	00001.13	00001.14	-00000.05	1
8.035	00321.53	-00081.73	00194.52	00384.58	00001.14	00001.21	00000.03	1
8.045	00324.01	-00081.46	00197.06	00387.88	00001.13	00001.28	00000.09	1
8.055	00327.74	-00080.07	00199.41	00391.91	00001.13	00001.33	00000.15	1
8.066	00331.50	-00080.40	00199.66	00395.25	00001.15	00001.38	00000.18	1
8.076	00327.89	-00086.31	00192.60	00389.95	00001.14	00001.43	00000.16	1
8.086	00320.58	-00095.35	00182.17	00380.86	00001.13	00001.48	00000.11	1
8.096	00319.65	-00104.03	00176.80	00379.81	00001.15	00001.54	00000.07	1
8.107	00321.85	-00115.15	00173.65	00383.41	00001.21	00001.60	00000.02	1
8.117	00319.44	-00132.20	00165.62	00383.34	00001.25	00001.67	-00000.08	1
8.127	00313.53	-00153.02	00153.43	00381.12	00001.29	00001.73	-00000.21	1
8.137	00316.35	-00174.40	00149.03	00390.77	00001.38	00001.80	-00000.31	1
8.147	00319.61	-00199.88	00145.09	00403.92	00001.48	00001.87	-00000.43	1
8.158	00318.43	-00228.18	00135.86	00414.63	00001.57	00001.93	-00000.56	1
8.168	00329.11	-00259.73	00140.68	00442.22	00001.70	00002.01	-00000.67	1
8.178	00335.48	-00293.00	00140.27	00466.98	00001.82	00002.08	-00000.78	1
8.188	00341.36	-00328.43	00140.20	00494.01	00001.93	00002.14	-00000.89	1
8.198	00344.42	-00365.97	00137.34	00520.98	00002.03	00002.20	-00001.01	1
8.208	00344.82	-00404.93	00131.27	00547.82	00002.10	00002.25	-00001.14	1
8.217	00352.90	-00442.47	00133.28	00581.45	00002.21	00002.32	-00001.25	1
8.227	00356.94	-00481.12	00130.49	00613.12	00002.29	00002.37	-00001.37	1
8.237	00367.10	-00518.02	00134.36	00648.97	00002.38	00002.44	-00001.47	1
8.247	00375.88	-00553.49	00136.91	00682.92	00002.46	00002.49	-00001.57	1
8.256	00387.08	-00585.54	00142.45	00716.23	00002.54	00002.52	-00001.65	1
8.266	00404.75	-00615.85	00156.30	00753.34	00002.65	00002.59	-00001.72	1
8.276	00418.07	-00644.59	00164.84	00785.78	00002.73	00002.63	-00001.79	1
8.285	00431.05	-00670.60	00172.73	00815.68	00002.81	00002.67	-00001.86	1
8.295	00438.95	-00693.76	00175.91	00839.59	00002.87	00002.70	-00001.94	1
8.304	00443.74	-00714.40	00174.31	00858.87	00002.92	00002.72	-00002.02	1
8.314	00450.03	-00733.56	00174.29	00878.08	00002.99	00002.78	-00002.10	1
8.323	00457.53	-00751.74	00174.55	00897.17	00003.06	00002.85	-00002.18	1
8.333	00468.51	-00768.45	00176.67	00917.18	00003.15	00002.93	-00002.24	1
8.343	00482.36	-00784.05	00180.02	00937.99	00003.26	00003.01	-00002.27	1
8.352	00498.61	-00799.47	00185.53	00960.30	00003.37	00003.11	-00002.28	1
8.362	00518.64	-00815.25	00197.74	00986.27	00003.48	00003.22	-00002.29	1
8.371	00533.38	-00832.30	00206.16	01009.81	00003.57	00003.32	-00002.32	1
8.380	00543.50	-00847.88	00210.56	01028.90	00003.64	00003.41	-00002.39	1
8.390	00555.42	-00860.90	00215.79	01047.00	00003.73	00003.49	-00002.45	1
8.399	00567.96	-00872.51	00222.67	01064.63	00003.82	00003.57	-00002.51	1
8.409	00579.45	-00883.98	00230.52	01081.81	00003.90	00003.67	-00002.58	1
8.418	00589.80	-00891.63	00234.90	01094.55	00003.98	00003.74	-00002.64	1
8.428	00598.59	-00897.02	00239.19	01104.61	00004.06	00003.79	-00002.69	1
8.437	00610.69	-00901.64	00252.22	01117.82	00004.14	00003.87	-00002.73	1
8.447	00624.80	-00904.24	00268.95	01131.52	00004.22	00003.95	-00002.77	1
8.456	00633.79	-00903.64	00278.65	01138.37	00004.27	00003.97	-00002.81	1
8.466	00645.47	-00900.17	00292.02	01145.52	00004.31	00003.97	-00002.84	1
8.475	00655.15	-00896.39	00306.29	01151.76	00004.31	00003.94	-00002.85	1
8.485	00661.98	-00890.90	00317.95	01154.56	00004.29	00003.89	-00002.85	1
8.494	00663.44	-00885.50	00325.75	01153.42	00004.22	00003.82	-00002.86	1
8.504	00654.36	-00879.80	00320.04	01142.22	00004.11	00003.71	-00002.88	1
8.513	00649.04	-00873.08	00317.30	01133.22	00004.02	00003.60	-00002.89	1
8.523	00644.39	-00865.68	00314.64	01124.12	00003.94	00003.48	-00002.87	1
8.532	00643.37	-00860.01	00315.80	01119.49	00003.87	00003.39	-00002.84	1
8.542	00645.66	-00856.81	00317.57	01118.86	00003.84	00003.32	-00002.79	1
8.551	00644.10	-00859.64	00315.65	01119.59	00003.81	00003.28	-00002.80	1
8.561	00641.14	-00862.89	00312.20	01119.42	00003.78	00003.26	-00002.82	1
8.570	00642.05	-00863.28	00312.98	01120.47	00003.74	00003.23	-00002.82	1
8.580	00651.72	-00862.33	00325.54	01128.86	00003.73	00003.21	-00002.78	1
8.589	00663.67	-00860.88	00340.63	01139.13	00003.70	00003.18	-00002.71	1
8.599	00670.27	-00859.76	00348.67	01144.56	00003.66	00003.14	-00002.64	1
8.608	00670.61	-00860.43	00349.08	01145.39	00003.59	00003.09	-00002.59	1
8.618	00679.65	-00860.15	00357.84	01153.18	00003.58	00003.06	-00002.51	1
8.627	00684.20	-00861.58	00360.99	01157.91	00003.57	00003.04	-00002.46	1
8.637	00690.34	-00863.26	00365.82	01164.31	00003.57	00003.02	-00002.40	1
8.646	00698.12	-00867.24	00374.02	01174.47	00003.58	00003.03	-00002.35	1
8.655	00706.78	-00869.70	00382.73	01184.23	00003.59	00003.02	-00002.29	1
8.665	00717.70	-00873.25	00396.54	01197.88	00003.61	00003.04	-00002.23	1
8.674	00724.08	-00876.06	00405.21	01206.64	00003.61	00003.02	-00002.17	1
8.683	00725.93	-00878.66	00409.84	01211.20	00003.60	00002.99	-00002.12	1
8.693	00721.51	-00884.36	00410.46	01212.91	00003.57	00002.97	-00002.10	1
8.702	00712.78	-00890.31	00405.01	01210.27	00003.55	00002.93	-00002.11	1
8.711	00707.78	-00892.40	00403.71	01208.43	00003.53	00002.90	-00002.08	1
8.721	00705.27	-00892.57	00404.68	01207.42	00003.51	00002.87	-00002.03	1
8.730	00705.75	-00889.09	00408.50	01206.42	00003.50	00002.84	-00001.95	1
8.739	00702.34	-00884.59	00409.74	01201.53	00003.46	00002.78	-00001.88	1
8.749	00695.62	-00879.10	00408.61	01193.17	00003.39	00002.71	-00001.80	1
8.758	00681.91	-00873.31	00400.03	01178.01	00003.30	00002.62	-00001.74	1
8.767	00668.42	-00869.32	00391.30	01164.31	00003.23	00002.55	-00001.68	1
8.776	00661.19	-00866.91	00388.95	01157.58	00003.20	00002.52	-00001.62	1
8.786	00665.77	-00862.87	00398.02	01160.27	00003.24	00002.52	-00001.54	1
8.795	00671.87	-00859.19	00407.20	01164.23	00003.30	00002.52	-00001.44	1
8.804	00675.59	-00858.08	00413.04	01167.61	00003.34	00002.52	-00001.37	1
8.814	00680.34	-00857.82	00420.89	01172.97	00003.38	00002.53	-00001.30	1
8.823	00689.50	-00857.92	00435.74	01183.77	00003.43	00002.55	-00001.20	1
8.832	00687.62	-00859.16	00440.24	01185.24	00003.42	00002.55	-00001.14	1
8.841	00683.83	-00856.93	00442.69	01182.35	00003.40	00002.52	-00001.07	1
8.850	00679.64	-00852.46	00444.36	01177.30	00003.37	00002.48	-00000.99	1
8.860	00672.45	-00848.41	00446.83	01171.17	00003.32	00002.46	-00000.94	1
8.869	00664.52	-00839.38	00449.10	01160.97	00003.27	00002.42	-00000.85	1
8.878	00659.06	-00828.68	00453.99	01152.03	00003.24	00002.39	-00000.76	1
8.887	00645.66	-00820.98	00451.81	01137.99	00003.17	00002.37	-00000.70	1
8.897	00627.50	-00811.55	00442.08	01117.06	00003.10	00002.32	-00000.64	1
8.906	00613.50	-00801.05	00433.85	01098.32	00003.06	00002.26	-00000.57	1
8.915	00609.57	-00793.92	00435.66	01091.64	00003.06	00002.24	-00000.48	1
8.924	00605.03	-00791.91	00436.51	01087.99	00003.05	00002.23	-00000.43	1
8.934	00603.48	-00793.22	00441.16	01089.96	00003.06	00002.23	-00000.38	1
8.943	00598.14	-00796.10	00441.34	01089.19	00003.06	00002.21	-00000.35	1
8.952	00594.40	-00799.70	00443.38	01090.61	00003.05	00002.18	-00000.32	1
8.961	00590.50	-00807.38	00448.67	01096.30	00003.04	00002.19	-00000.32	1
8.970	00585.17	-00809.54	00448.57	01094.98	00003.02	00002.14	-00000.29	1
8.979	00585.19	-00813.24	00454.58	01100.21	00003.02	00002.13	-00000.27	1
8.989	00581.41	-00816.52	00453.00	01099.98	00003.01	00002.09	-00000.25	1
8.998	00579.36	-00822.29	00451.68	01102.64	00003.02	00002.08	-00000.24	1
9.007	00578.83	-00829.97	00451.84	01108.17	00003.03	00002.09	-00000.24	1
9.016	00576.77	-00835.63	00449.51	01110.41	00003.04	00002.08	-00000.23	1
9.025	00580.80	-00840.56	00453.27	01117.74	00003.09	00002.08	-00000.20	1
9.034	00590.13	-00846.48	00464.26	01131.51	00003.14	00002.12	-00000.17	1
9.043	00597.44	-00853.29	00474.32	01144.56	00003.17	00002.16	-00000.15	1
9.052	00600.74	-00860.77	00481.10	01154.67	00003.18	00002.19	-00000.15	1
9.061	00599.96	-00868.84	00481.57	01160.49	00003.18	00002.21	-00000.17	1
9.070	00596.37	-00877.93	00477.95	01163.98	00003.16	00002.21	-00000.18	1
9.079	00595.56	-00886.86	00475.91	01169.49	00003.16	00002.22	-00000.17	1
9.088	00599.06	-00895.18	00477.76	01178.34	00003.20	00002.24	-00000.14	1
9.097	00600.21	-00903.81	00477.51	01185.38	00003.22	00002.26	-00000.10	1
9.106	00592.86	-00913.99	00468.56	01185.92	00003.20	00002.27	-00000.08	1
9.115	00587.73	-00921.65	00461.20	01186.41	00003.19	00002.28	-00000.06	1
9.124	00589.54	-00926.05	00462.39	01191.19	00003.20	00002.30	-00000.04	1
9.133	00584.79	-00927.06	00456.75	01187.45	00003.21	00002.30	-00000.04	1
9.142	00580.03	-00925.85	00451.53	01182.16	00003.22	00002.29	-00000.05	1
9.151	00583.85	-00924.32	00456.61	01184.80	00003.26	00002.30	-00000.05	1
9.160	00580.11	-00924.05	00452.39	01181.12	00003.25	00002.29	-00000.05	1
9.169	00575.00	-00925.51	00444.09	01176.61	00003.24	00002.27	-00000.04	1
9.178	00579.09	-00929.13	00446.21	01182.26	00003.25	00002.27	00000.00	1
9.187	00585.07	-00933.77	00452.30	01191.14	00003.27	00002.29	00000.02	1
9.196	00585.84	-00939.17	00452.54	01195.85	00003.26	00002.29	00000.03	1
9.205	00590.24	-00944.79	00457.30	01204.22	00003.25	00002.29	00000.02	1
9.214	00590.92	-00948.75	00458.64	01208.17	00003.22	00002.27	00000.00	1
9.223	00595.41	-00951.47	00464.72	01214.82	00003.20	00002.26	-00000.02	1
9.231	00592.30	-00953.45	00462.25	01213.90	00003.14	00002.22	-00000.04	1
9.240	00594.60	-00953.62	00463.87	01215.78	00003.12	00002.20	-00000.02	1
9.249	00585.19	-00954.00	00450.88	01206.59	00003.06	00002.16	00000.01	1
9.258	00584.93	-00954.22	00449.60	01206.16	00003.05	00002.19	00000.06	1
9.267	00576.89	-00954.83	00439.07	01198.87	00003.02	00002.19	00000.09	1
9.276	00573.82	-00955.74	00434.67	01196.51	00003.03	00002.22	00000.12	1
9.285	00570.58	-00956.59	00430.79	01194.24	00003.05	00002.25	00000.12	1
9.294	00568.75	-00956.66	00429.51	01192.96	00003.08	00002.28	00000.11	1
9.303	00570.94	-00953.76	00434.45	01193.47	00003.12	00002.31	00000.09	1
9.312	00570.76	-00947.35	00436.99	01189.20	00003.16	00002.31	00000.06	1
9.321	00573.45	-00939.62	00443.41	01186.74	00003.19	00002.31	00000.04	1
9.330	00571.15	-00932.87	00442.76	01180.04	00003.18	00002.28	00000.01	1
9.339	00575.73	-00929.28	00449.60	01182.01	00003.17	00002.26	00000.01	1
9.347	00581.69	-00926.37	00457.21	01185.57	00003.15	00002.25	00000.05	1
9.356	00575.90	-00926.20	00451.05	01180.24	00003.09	00002.20	00000.07	1
9.365	00571.16	-00927.00	00447.26	01177.11	00003.01	00002.18	00000.11	1
9.374	00562.44	-00926.12	00438.17	01168.78	00002.94	00002.16	00000.13	1
9.383	00551.57	-00925.30	00426.89	01158.72	00002.87	00002.14	00000.15	1
9.392	00551.36	-00923.03	00428.22	01157.31	00002.85	00002.16	00000.18	1
9.401	00547.95	-00920.60	00424.13	01152.23	00002.83	00002.15	00000.21	1
9.410	00549.66	-00918.46	00425.12	01151.70	00002.81	00002.16	00000.23	1
9.419	00543.96	-00917.23	00417.72	01145.29	00002.78	00002.14	00000.24	1
9.428	00540.03	-00915.93	00413.09	01140.70	00002.75	00002.13	00000.24	1
9.437	00544.30	-00914.52	00418.70	01143.64	00002.74	00002.14	00000.26	1
9.446	00540.01	-00912.95	00414.32	01138.75	00002.71	00002.12	00000.26	1
9.455	00537.81	-00909.67	00412.37	01134.36	00002.68	00002.10	00000.25	1
9.464	00532.97	-00905.36	00407.80	01126.96	00002.65	00002.08	00000.24	1
9.473	00529.90	-00899.33	00405.77	01119.93	00002.63	00002.05	00000.24	1
9.482	00530.61	-00892.63	00409.36	01116.20	00002.63	00002.05	00000.24	1
9.491	00519.45	-00887.76	00399.52	01103.43	00002.58	00002.03	00000.22	1
9.500	00513.39	-00882.03	00394.27	01094.07	00002.54	00002.02	00000.22	1
9.509	00514.39	-00875.97	00395.84	01090.24	00002.53	00002.03	00000.25	1
9.518	00520.20	-00869.50	00403.23	01090.52	00002.54	00002.06	00000.28	1
9.527	00524.69	-00862.10	00407.73	01088.46	00002.54	00002.07	00000.31	1
9.536	00527.57	-00853.87	00411.77	01084.89	00002.54	00002.08	00000.34	1
9.545	00526.35	-00847.07	00411.14	01078.70	00002.53	00002.08	00000.34	1
9.554	00522.51	-00842.36	00407.36	01071.69	00002.49	00002.06	00000.34	1
9.563	00514.78	-00839.79	00398.59	01062.60	00002.43	00002.03	00000.31	1
9.572	00506.47	-00838.33	00389.49	01054.04	00002.37	00002.00	00000.30	1
9.581	00501.80	-00838.59	00384.31	01050.11	00002.32	00001.98	00000.29	1
9.590	00497.97	-00838.59	00379.03	01046.36	00002.27	00001.95	00000.28	1
9.599	00493.66	-00837.89	00372.86	01041.53	00002.23	00001.92	00000.27	1
9.608	00488.90	-00835.56	00366.50	01035.13	00002.18	00001.89	00000.26	1
9.617	00480.25	-00832.88	00356.39	01025.36	00002.11	00001.85	00000.23	1
9.626	00472.47	-00829.83	00347.28	01016.09	00002.05	00001.82	00000.20	1
9.636	00462.93	-00827.32	00335.28	01005.57	00001.99	00001.78	00000.18	1
9.645	00457.01	-00823.73	00325.48	00996.66	00001.94	00001.73	00000.17	1
9.654	00461.65	-00821.99	00326.50	00997.69	00001.93	00001.72	00000.19	1
9.663	00467.98	-00821.86	00328.63	01001.22	00001.93	00001.71	00000.22	1
9.672	00475.30	-00823.94	00334.07	01008.16	00001.92	00001.73	00000.24	1
9.681	00481.57	-00826.25	00339.22	01014.73	00001.91	00001.75	00000.26	1
9.690	00482.27	-00826.86	00338.86	01015.44	00001.88	00001.75	00000.27	1
9.699	00478.72	-00827.11	00333.99	01012.34	00001.84	00001.73	00000.28	1
9.708	00474.66	-00828.37	00330.39	01010.28	00001.79	00001.72	00000.27	1
9.717	00472.26	-00829.72	00329.37	01009.93	00001.76	00001.71	00000.27	1
9.726	00471.14	-00831.36	00329.92	01010.93	00001.72	00001.72	00000.27	1
9.735	00472.08	-00832.94	00332.10	01013.38	00001.69	00001.73	00000.28	1
9.744	00471.34	-00835.03	00331.15	01014.45	00001.65	00001.73	00000.28	1
9.753	00470.12	-00836.73	00328.38	01014.38	00001.61	00001.71	00000.28	1
9.762	00470.24	-00838.90	00325.63	01015.34	00001.57	00001.70	00000.28	1
9.771	00472.43	-00841.40	00323.65	01017.78	00001.54	00001.69	00000.29	1
9.780	00477.16	-00844.08	00323.15	01022.04	00001.51	00001.67	00000.32	1
9.790	00485.09	-00845.14	00324.66	01027.12	00001.50	00001.66	00000.36	1
9.799	00491.01	-00845.41	00326.17	01030.63	00001.48	00001.66	00000.40	1
9.808	00494.32	-00843.51	00326.51	01030.77	00001.45	00001.67	00000.42	1
9.817	00487.16	-00838.17	00316.96	01019.96	00001.39	00001.64	00000.43	1
9.826	00483.79	-00830.69	00313.73	01011.20	00001.34	00001.63	00000.45	1
9.835	00484.13	-00820.36	00314.55	01003.15	00001.31	00001.61	00000.49	1
9.844	00484.08	-00809.83	00314.07	00994.38	00001.28	00001.59	00000.53	1
9.853	00484.11	-00802.35	00314.50	00988.45	00001.25	00001.58	00000.56	1
9.862	00481.57	-00796.34	00311.50	00981.37	00001.20	00001.56	00000.59	1
9.871	00482.03	-00791.65	00310.19	00977.39	00001.15	00001.54	00000.64	1
9.880	00479.47	-00790.49	00302.76	00972.85	00001.08	00001.51	00000.65	1
9.889	00487.80	-00789.57	00305.92	00977.22	00001.05	00001.50	00000.69	1
9.898	00492.48	-00790.91	00305.19	00980.42	00001.01	00001.48	00000.73	1
9.907	00496.75	-00793.54	00304.18	00984.38	00000.97	00001.47	00000.77	1
9.916	00500.30	-00797.99	00302.61	00989.27	00000.92	00001.45	00000.80	1
9.925	00506.76	-00802.38	00304.79	00996.75	00000.88	00001.44	00000.83	1
9.935	00513.83	-00806.46	00307.82	01004.56	00000.85	00001.44	00000.86	1
9.944	00520.49	-00809.94	00310.26	01011.52	00000.81	00001.43	00000.89	1
9.953	00524.38	-00812.62	00310.51	01015.75	00000.78	00001.43	00000.92	1
9.962	00524.11	-00814.88	00307.55	01016.52	00000.73	00001.43	00000.94	1
9.971	00520.62	-00815.42	00301.46	01013.33	00000.68	00001.41	00000.96	1
9.980	00514.69	-00814.17	00293.72	01007.00	00000.62	00001.38	00000.98	1
9.989	00504.90	-00812.59	00283.46	00997.79	00000.55	00001.35	00001.00	1
9.998	00493.78	-00809.36	00272.31	00986.42	00000.48	00001.31	00001.01	1
10.007	00488.18	-00804.65	00269.99	00979.12	00000.44	00001.31	00001.04	1
10.016	00489.87	-00796.36	00274.93	00974.56	00000.43	00001.31	00001.09	1
10.025	00488.30	-00787.68	00276.59	00967.15	00000.41	00001.30	00001.11	1
10.034	00482.91	-00778.01	00273.95	00955.80	00000.38	00001.28	00001.12	1
10.043	00475.04	-00766.90	00269.14	00941.40	00000.35	00001.25	00001.12	1
10.052	00463.42	-00754.89	00260.78	00923.38	00000.30	00001.20	00001.10	1
10.061	00452.28	-00740.93	00253.69	00904.37	00000.26	00001.15	00001.08	1
10.070	00441.95	-00724.73	00246.99	00884.06	00000.22	00001.10	00001.05	1
10.079	00435.79	-00708.13	00243.48	00866.39	00000.20	00001.05	00001.04	1
10.089	00432.33	-00693.65	00241.57	00852.30	00000.18	00001.01	00001.05	1
10.098	00428.80	-00679.68	00236.20	00837.63	00000.15	00000.96	00001.08	1
10.107	00431.04	-00668.11	00236.73	00829.58	00000.13	00000.94	00001.13	1
10.116	00434.17	-00658.34	00235.88	00823.13	00000.10	00000.93	00001.19	1
10.125	00436.03	-00649.07	00234.61	00816.37	00000.06	00000.92	00001.27	1
10.135	00437.39	-00641.53	00232.56	00810.53	00000.04	00000.92	00001.34	1
10.144	00435.84	-00635.20	00227.84	00803.34	-00000.01	00000.91	00001.39	1
10.153	00435.50	-00627.03	00226.04	00796.19	-00000.05	00000.91	00001.45	1
10.162	00430.08	-00619.55	00219.26	00785.42	-00000.09	00000.89	00001.47	1
10.172	00422.63	-00612.93	00211.16	00773.88	-00000.14	00000.86	00001.47	1
10.181	00418.84	-00603.60	00209.06	00763.85	-00000.17	00000.84	00001.47	1
10.190	00416.56	-00593.24	00209.29	00754.49	-00000.19	00000.81	00001.48	1
10.199	00413.14	-00582.90	00206.94	00743.83	-00000.22	00000.78	00001.47	1
10.209	00412.19	-00573.72	00207.73	00736.35	-00000.23	00000.75	00001.45	1
10.218	00411.17	-00563.37	00208.23	00727.88	-00000.25	00000.73	00001.45	1
10.227	00409.84	-00552.47	00208.30	00718.74	-00000.27	00000.70	00001.44	1
10.237	00405.73	-00540.31	00204.46	00705.94	-00000.30	00000.66	00001.42	1
10.246	00397.09	-00527.94	00196.08	00689.09	-00000.35	00000.62	00001.40	1
10.255	00389.18	-00516.95	00190.00	00674.39	-00000.39	00000.59	00001.38	1
10.265	00382.72	-00505.26	00184.42	00660.13	-00000.41	00000.56	00001.38	1
10.274	00373.42	-00494.10	00175.84	00643.82	-00000.45	00000.53	00001.38	1
10.284	00355.28	-00485.88	00159.72	00622.74	-00000.52	00000.49	00001.32	1
10.293	00350.53	-00473.15	00159.14	00609.97	-00000.53	00000.46	00001.32	1
10.302	00334.87	-00464.25	00147.75	00591.18	-00000.59	00000.43	00001.25	1
10.312	00332.96	-00450.35	00149.64	00579.72	-00000.58	00000.39	00001.24	1
10.321	00326.89	-00438.23	00145.20	00565.67	-00000.60	00000.34	00001.20	1
10.331	00312.30	-00428.70	00132.61	00546.72	-00000.65	00000.28	00001.13	1
10.340	00307.38	-00418.66	00131.33	00535.73	-00000.67	00000.24	00001.09	1
10.350	00298.76	-00409.17	00124.37	00521.68	-00000.70	00000.19	00001.03	1
10.360	00291.17	-00401.26	00118.15	00509.66	-00000.72	00000.13	00000.96	1
10.369	00287.24	-00393.56	00116.36	00500.94	-00000.73	00000.09	00000.89	1
10.379	00284.10	-00385.55	00116.02	00492.77	-00000.74	00000.04	00000.83	1
10.388	00275.49	-00376.74	00109.54	00479.40	-00000.75	-00000.01	00000.75	1
10.398	00266.19	-00365.77	00102.86	00463.92	-00000.76	-00000.07	00000.67	1
10.407	00256.09	-00354.40	00097.56	00448.00	-00000.76	-00000.11	00000.59	1
10.417	00248.59	-00341.86	00097.19	00433.72	-00000.75	-00000.14	00000.53	1
10.427	00239.84	-00329.04	00095.50	00418.22	-00000.73	-00000.17	00000.46	1
10.437	00234.84	-00313.50	00099.65	00404.18	-00000.70	-00000.18	00000.43	1
10.446	00230.59	-00298.07	00104.21	00390.99	-00000.65	-00000.19	00000.39	1
10.456	00225.72	-00281.99	00109.39	00377.41	-00000.62	-00000.19	00000.36	1
10.466	00224.20	-00264.78	00117.90	00366.43	-00000.56	-00000.18	00000.34	1
10.476	00219.45	-00248.19	00122.01	00353.05	-00000.52	-00000.18	00000.32	1
10.485	00211.12	-00232.87	00120.41	00336.60	-00000.48	-00000.20	00000.29	1
10.495	00200.85	-00219.22	00117.10	00319.55	-00000.46	-00000.20	00000.24	1
10.505	00198.15	-00205.97	00121.35	00310.50	-00000.42	-00000.19	00000.23	1
10.515	00196.31	-00192.45	00124.73	00301.88	-00000.38	-00000.18	00000.23	1
10.525	00192.64	-00181.00	00125.98	00292.82	-00000.35	-00000.18	00000.22	1
10.535	00187.73	-00170.05	00123.98	00282.01	-00000.32	-00000.19	00000.20	1
10.545	00184.16	-00159.25	00124.52	00273.46	-00000.28	-00000.19	00000.20	1
10.555	00179.33	-00150.59	00121.67	00263.89	-00000.26	-00000.19	00000.16	1
10.565	00173.85	-00142.91	00119.68	00254.90	-00000.24	-00000.19	00000.13	1
10.575	00174.50	-00134.21	00123.15	00252.24	-00000.19	-00000.17	00000.12	1
10.585	00171.50	-00127.05	00121.61	00245.65	-00000.16	-00000.17	00000.09	0
10.595	00163.31	-00120.87	00115.53	00233.72	-00000.15	-00000.17	00000.05	0
10.605	00157.04	-00115.47	00112.05	00224.83	-00000.14	-00000.16	00000.02	0
10.615	00159.02	-00108.52	00116.80	00225.18	-00000.10	-00000.14	00000.02	0
10.625	00163.62	-00103.34	00123.90	00229.78	-00000.05	-00000.11	00000.02	0
10.635	00165.41	-00098.37	00124.51	00229.22	-00000.01	-00000.10	00000.01	0
10.645	00164.86	-00093.42	00121.57	00225.13	00000.01	-00000.11	00000.00	0
10.655	00162.30	-00089.66	00117.17	00219.34	00000.03	-00000.11	-00000.02	0
10.665	00159.05	-00086.96	00112.78	00213.49	00000.05	-00000.10	-00000.05	0
10.675	00155.63	-00085.09	00109.05	00208.22	00000.08	-00000.08	-00000.08	0
10.685	00149.75	-00084.23	00103.40	00200.53	00000.12	-00000.05	-00000.13	0
10.695	00145.83	-00082.60	00098.96	00194.63	00000.18	-00000.01	-00000.18	0
10.705	00141.71	-00080.74	00092.08	00187.30	00000.27	00000.02	-00000.23	0
10.715	00142.50	-00077.61	00089.35	00185.24	00000.37	00000.05	-00000.25	0
10.725	00144.13	-00076.69	00090.12	00186.48	00000.45	00000.11	-00000.25	0
10.735	00148.36	-00077.80	00096.50	00193.33	00000.52	00000.20	-00000.23	0
10.745	00149.01	-00076.97	00096.86	00193.67	00000.57	00000.25	-00000.19	0
10.756	00146.24	-00076.97	00092.89	00189.57	00000.59	00000.30	-00000.15	0
10.766	00150.88	-00078.60	00098.94	00196.80	00000.63	00000.37	-00000.10	0
10.776	00149.91	-00082.25	00098.14	00197.15	00000.66	00000.42	-00000.07	0
10.786	00148.96	-00085.46	00095.83	00196.67	00000.69	00000.46	-00000.05	0
10.796	00154.85	-00091.20	00103.92	00207.59	00000.74	00000.53	-00000.04	0
10.806	00157.46	-00097.04	00109.07	00214.72	00000.79	00000.59	-00000.04	0
10.816	00152.31	-00101.18	00103.16	00209.94	00000.80	00000.58	-00000.05	0
10.826	00152.45	-00103.06	00101.84	00210.31	00000.82	00000.57	-00000.05	0
10.836	00153.34	-00104.90	00102.68	00212.27	00000.83	00000.57	-00000.04	0
10.846	00162.87	-00106.29	00113.29	00225.08	00000.87	00000.58	-00000.02	0
10.856	00167.32	-00108.46	00118.81	00232.11	00000.89	00000.59	-00000.02	0
10.867	00171.32	-00110.86	00124.42	00239.00	00000.90	00000.61	-00000.03	0
10.877	00176.42	-00112.65	00130.35	00246.58	00000.92	00000.62	-00000.03	0
10.887	00182.33	-00113.76	00137.18	00254.96	00000.94	00000.64	-00000.03	0
10.897	00189.74	-00114.34	00146.05	00265.34	00000.97	00000.65	-00000.01	0
10.907	00196.01	-00115.66	00153.84	00274.71	00000.99	00000.66	00000.00	0
10.917	00200.09	-00116.54	00158.64	00280.69	00001.00	00000.66	00000.01	0
10.927	00201.85	-00116.40	00160.03	00282.67	00001.01	00000.65	00000.00	0
10.937	00200.94	-00115.76	00158.25	00280.74	00001.00	00000.63	-00000.01	0
10.947	00198.54	-00115.26	00154.83	00276.90	00000.99	00000.61	-00000.03	0
10.957	00195.04	-00114.80	00150.73	00271.92	00000.97	00000.59	-00000.06	0
10.967	00192.96	-00113.59	00148.91	00268.91	00000.95	00000.57	-00000.06	0
10.977	00192.35	-00111.79	00149.89	00268.26	00000.94	00000.56	-00000.06	0
10.987	00190.70	-00110.22	00150.55	00266.79	00000.92	00000.55	-00000.06	0
10.997	00191.88	-00107.91	00155.01	00269.24	00000.92	00000.56	-00000.05	0
11.007	00191.81	-00105.00	00157.85	00269.69	00000.90	00000.55	-00000.04	0
11.017	00190.86	-00102.26	00159.67	00269.03	00000.89	00000.55	-00000.04	0
11.027	00187.16	-00098.84	00157.79	00264.00	00000.87	00000.54	-00000.05	0
11.037	00181.05	-00094.31	00152.48	00254.80	00000.84	00000.52	-00000.07	0
11.047	00173.64	-00087.91	00143.81	00241.99	00000.81	00000.48	-00000.08	0
11.057	00162.59	-00082.45	00130.74	00224.34	00000.76	00000.43	-00000.09	0
11.067	00157.48	-00075.78	00123.98	00214.28	00000.73	00000.38	-00000.09	0
11.078	00152.96	-00070.41	00118.55	00205.93	00000.68	00000.34	-00000.09	0
11.088	00159.22	-00066.24	00126.89	00214.11	00000.67	00000.34	-00000.07	0
11.098	00162.90	-00062.96	00133.49	00219.82	00000.64	00000.34	-00000.04	0
11.108	00159.15	-00058.24	00129.16	00213.08	00000.58	00000.29	-00000.02	0
11.118	00156.67	-00052.57	00125.83	00207.71	00000.53	00000.24	00000.01	0
11.128	00151.73	-00048.57	00121.26	00200.21	00000.46	00000.20	00000.02	0
11.138	00154.17	-00045.34	00125.76	00204.06	00000.41	00000.19	00000.05	0
11.148	00152.77	-00042.62	00125.84	00202.46	00000.36	00000.17	00000.07	0
11.158	00141.86	-00040.40	00112.74	00185.65	00000.29	00000.11	00000.06	0
11.169	00133.30	-00039.89	00102.15	00172.62	00000.23	00000.08	00000.05	0
11.179	00136.66	-00040.44	00106.48	00177.90	00000.21	00000.08	00000.06	0
11.189	00139.23	-00040.78	00107.68	00180.67	00000.20	00000.07	00000.08	0
11.199	00137.06	-00041.00	00102.56	00176.03	00000.18	00000.03	00000.09	0
11.209	00135.03	-00043.35	00099.12	00173.02	00000.15	00000.00	00000.08	0
11.219	00139.88	-00045.65	00105.53	00181.07	00000.15	00000.01	00000.08	0
11.229	00138.63	-00048.15	00105.17	00180.55	00000.13	00000.00	00000.07	0
11.239	00135.20	-00048.77	00100.88	00175.60	00000.11	-00000.02	00000.06	0
11.249	00131.70	-00048.61	00095.35	00169.71	00000.09	-00000.05	00000.05	0
11.259	00131.77	-00049.31	00094.10	00169.26	00000.09	-00000.06	00000.04	0
11.269	00137.63	-00050.41	00102.05	00178.60	00000.10	-00000.04	00000.06	0
11.280	00137.38	-00052.62	00104.23	00180.30	00000.09	-00000.03	00000.06	0
11.290	00139.50	-00053.12	00107.69	00184.07	00000.10	-00000.02	00000.08	0
11.300	00137.02	-00052.60	00104.60	00180.23	00000.08	-00000.04	00000.08	0
11.310	00136.20	-00051.69	00103.05	00178.44	00000.08	-00000.04	00000.09	0
11.320	00132.26	-00050.77	00098.76	00172.69	00000.06	-00000.05	00000.09	0
11.330	00135.02	-00048.50	00103.87	00177.12	00000.07	-00000.03	00000.11	0
11.340	00133.22	-00046.16	00104.44	00175.46	00000.07	-00000.02	00000.11	0
11.350	00134.97	-00041.77	00107.40	00177.47	00000.08	-00000.01	00000.13	0
11.360	00135.86	-00036.30	00107.80	00177.19	00000.09	-00000.01	00000.15	0
11.370	00138.07	-00032.20	00111.19	00180.18	00000.11	00000.01	00000.15	0
11.380	00139.21	-00028.30	00114.27	00182.31	00000.13	00000.03	00000.15	0
11.391	00132.31	-00024.14	00105.94	00171.21	00000.12	00000.02	00000.14	0
11.401	00130.61	-00021.27	00104.73	00168.76	00000.13	00000.02	00000.13	0
11.422	00131.32	-00018.58	00104.51	00168.86	00000.14	00000.02	00000.14	0
