Patient: S8R
Motion description: Dynamic Trial; Abduction; Weight: 2.4 kg;
 
---------------------------DATA--------------------------------
Note: all force components are represenetd in a right-handed coordinate system
The local coordinate system of the glenoid is defined as: Xg forward, Yg upward, Zg lateral
 
Time:
starts at the time frame where the first "1" occurs in the original dataset
ends at the time frame where the last "1" occurs in the original dataset
 
Forces:
Fgx, Fgy, Fgz: force components in the glenoid system
Fg:  the resultant force

Moments:
Mgx, Mgy, Mgz: Moment components in the glenoid system
Mg:  the resultant moment

Marker column:
0: kinematic data do not exist
1: kinematic data exist
2: errors/jumps in kinematic data
3: NaN (Not-a-Number) in kinematic data
 
Time	Fgx	Fgy	Fgz	Fg	Mgx	Mgy	Mgz	Mg	Marker
[s]	[N]	[N]	[N]	[N]	[Nm]	[Nm]	[Nm]	[Nm]    [0/1/2/3]
0.934	-88.72	-119.37	-136.89	202.14	-0.13	-0.30	-0.30	0.44	1
0.944	-73.40	-125.40	-142.84	203.75	-0.10	-0.32	-0.31	0.45	1
0.954	-65.86	-128.34	-143.55	203.51	-0.08	-0.32	-0.32	0.46	1
0.965	-62.68	-125.42	-140.45	198.45	-0.07	-0.31	-0.30	0.44	1
0.975	-64.95	-126.37	-140.44	199.78	-0.08	-0.32	-0.32	0.46	1
0.985	-68.24	-125.03	-138.31	198.54	-0.08	-0.32	-0.32	0.46	1
0.995	-69.97	-122.80	-136.72	196.64	-0.08	-0.32	-0.31	0.46	1
1.005	-68.85	-120.74	-130.81	190.86	-0.07	-0.30	-0.32	0.45	1
1.015	-68.25	-120.74	-132.92	192.10	-0.06	-0.31	-0.31	0.44	1
1.026	-66.91	-118.04	-127.16	185.95	-0.06	-0.30	-0.30	0.43	1
1.036	-67.62	-118.67	-130.56	188.95	-0.05	-0.31	-0.29	0.43	1
1.046	-67.84	-119.70	-129.17	188.72	-0.06	-0.31	-0.31	0.44	1
1.056	-69.07	-121.97	-133.96	193.89	-0.06	-0.34	-0.31	0.46	1
1.066	-68.36	-121.61	-131.02	191.38	-0.06	-0.33	-0.31	0.46	1
1.076	-67.13	-119.89	-130.57	189.55	-0.07	-0.32	-0.31	0.45	1
1.087	-65.60	-118.16	-126.00	184.78	-0.06	-0.30	-0.32	0.44	1
1.097	-65.25	-117.25	-127.16	184.86	-0.06	-0.30	-0.31	0.43	1
1.107	-64.62	-115.66	-123.25	180.95	-0.06	-0.28	-0.31	0.42	1
1.117	-65.31	-116.01	-126.71	183.79	-0.07	-0.29	-0.29	0.42	1
1.127	-65.17	-115.59	-124.77	182.14	-0.08	-0.28	-0.29	0.41	1
1.137	-66.57	-118.04	-130.91	188.42	-0.09	-0.30	-0.28	0.42	1
1.148	-65.62	-117.57	-126.51	184.76	-0.09	-0.28	-0.28	0.41	1
1.158	-66.31	-119.61	-131.51	189.73	-0.10	-0.31	-0.28	0.43	1
1.168	-65.65	-119.22	-128.47	187.16	-0.11	-0.29	-0.29	0.42	1
1.178	-68.14	-123.40	-136.29	196.08	-0.11	-0.31	-0.29	0.44	1
1.188	-67.99	-121.50	-131.16	191.28	-0.12	-0.29	-0.29	0.43	1
1.198	-68.26	-124.67	-137.42	197.70	-0.12	-0.32	-0.28	0.45	1
1.209	-63.12	-123.51	-132.65	191.92	-0.10	-0.29	-0.29	0.43	1
1.219	-61.29	-125.73	-137.27	195.98	-0.10	-0.31	-0.29	0.44	1
1.229	-60.14	-123.19	-131.05	189.65	-0.09	-0.29	-0.30	0.43	1
1.239	-63.11	-122.97	-134.11	192.58	-0.09	-0.31	-0.28	0.43	1
1.249	-65.86	-119.96	-128.38	187.64	-0.10	-0.29	-0.29	0.42	1
1.259	-68.60	-120.23	-132.29	191.47	-0.10	-0.30	-0.28	0.42	1
1.270	-67.52	-119.47	-129.66	188.80	-0.10	-0.30	-0.29	0.42	1
1.280	-69.12	-123.49	-138.13	197.76	-0.09	-0.33	-0.29	0.45	1
1.290	-69.36	-124.19	-137.09	197.55	-0.09	-0.33	-0.30	0.46	1
1.300	-71.79	-128.60	-145.19	206.82	-0.10	-0.36	-0.32	0.49	1
1.310	-69.09	-122.15	-136.12	195.50	-0.08	-0.32	-0.30	0.45	1
1.320	-69.59	-122.75	-138.55	197.75	-0.08	-0.33	-0.30	0.45	1
1.331	-68.21	-119.95	-135.58	193.45	-0.08	-0.32	-0.29	0.44	1
1.341	-68.99	-121.40	-139.88	197.65	-0.07	-0.34	-0.29	0.45	1
1.351	-68.51	-121.35	-139.83	197.42	-0.07	-0.34	-0.29	0.45	1
1.361	-70.93	-125.37	-147.37	206.08	-0.08	-0.37	-0.29	0.47	1
1.371	-70.85	-125.50	-146.66	205.62	-0.08	-0.37	-0.29	0.47	1
1.381	-71.29	-126.27	-148.78	207.75	-0.08	-0.37	-0.29	0.48	1
1.391	-72.73	-129.62	-151.24	212.05	-0.09	-0.39	-0.31	0.50	1
1.402	-71.29	-126.45	-148.54	207.69	-0.07	-0.39	-0.29	0.49	1
1.412	-70.68	-125.90	-147.38	206.32	-0.07	-0.39	-0.29	0.49	1
1.422	-69.99	-124.72	-145.16	203.78	-0.06	-0.38	-0.29	0.48	1
1.432	-69.45	-124.87	-145.21	203.72	-0.06	-0.40	-0.29	0.49	1
1.442	-69.61	-125.53	-142.94	202.57	-0.05	-0.40	-0.30	0.50	1
1.452	-68.52	-124.73	-143.26	201.93	-0.05	-0.40	-0.29	0.50	1
1.463	-63.61	-123.15	-137.93	195.54	-0.05	-0.40	-0.28	0.49	1
1.473	-60.05	-124.84	-140.51	197.32	-0.06	-0.42	-0.27	0.50	1
1.483	-58.85	-127.81	-141.36	199.45	-0.09	-0.45	-0.27	0.53	1
1.493	-60.40	-129.93	-144.46	203.47	-0.12	-0.50	-0.25	0.57	1
1.503	-62.79	-127.27	-142.69	201.25	-0.15	-0.52	-0.22	0.58	1
1.514	-67.77	-130.15	-145.74	206.81	-0.21	-0.57	-0.21	0.64	1
1.524	-71.32	-134.77	-153.91	216.66	-0.24	-0.62	-0.21	0.70	1
1.534	-72.11	-137.98	-156.43	220.70	-0.25	-0.65	-0.21	0.73	1
1.544	-74.29	-142.20	-161.20	227.43	-0.26	-0.69	-0.23	0.77	1
1.554	-76.23	-143.52	-166.68	232.79	-0.25	-0.71	-0.24	0.79	1
1.565	-76.71	-142.19	-167.43	232.67	-0.24	-0.71	-0.24	0.78	1
1.575	-77.67	-142.04	-169.85	234.64	-0.23	-0.72	-0.26	0.80	1
1.585	-79.56	-142.05	-177.12	240.58	-0.22	-0.75	-0.26	0.83	1
1.595	-79.68	-138.39	-178.16	239.25	-0.22	-0.75	-0.26	0.83	1
1.605	-81.26	-135.96	-182.08	241.34	-0.23	-0.77	-0.29	0.86	1
1.616	-84.16	-134.26	-191.52	248.57	-0.24	-0.81	-0.30	0.90	1
1.626	-82.78	-121.03	-186.30	237.09	-0.23	-0.80	-0.31	0.89	1
1.636	-87.32	-116.94	-199.10	246.86	-0.25	-0.86	-0.32	0.95	1
1.646	-89.22	-106.15	-204.67	247.22	-0.26	-0.89	-0.32	0.98	1
1.656	-94.48	-102.40	-225.19	264.81	-0.28	-0.96	-0.31	1.05	1
1.666	-98.07	-95.04	-242.55	278.35	-0.30	-1.03	-0.30	1.11	1
1.676	-102.33	-86.82	-259.98	292.58	-0.30	-1.08	-0.28	1.16	1
1.686	-106.41	-78.04	-276.03	305.95	-0.31	-1.12	-0.28	1.19	1
1.696	-113.84	-76.68	-301.20	331.00	-0.34	-1.18	-0.30	1.26	1
1.706	-121.47	-74.66	-324.98	354.88	-0.38	-1.23	-0.33	1.33	1
1.716	-126.72	-66.49	-343.34	371.97	-0.41	-1.25	-0.33	1.36	1
1.726	-130.43	-55.79	-358.65	385.69	-0.45	-1.26	-0.33	1.37	1
1.736	-139.07	-55.35	-387.85	415.73	-0.51	-1.33	-0.34	1.47	1
1.746	-147.02	-55.49	-416.39	445.06	-0.58	-1.39	-0.35	1.54	1
1.755	-152.45	-49.71	-435.07	463.68	-0.64	-1.42	-0.34	1.59	1
1.765	-158.25	-46.53	-455.85	484.78	-0.71	-1.47	-0.33	1.67	1
1.775	-162.81	-42.06	-474.75	503.65	-0.77	-1.51	-0.30	1.72	1
1.785	-165.82	-34.32	-487.24	515.82	-0.85	-1.53	-0.27	1.77	1
1.794	-167.31	-25.43	-492.77	521.02	-0.91	-1.52	-0.26	1.79	1
1.804	-167.47	-16.45	-499.40	526.99	-0.98	-1.53	-0.23	1.83	1
1.814	-170.22	-13.19	-512.84	540.51	-1.05	-1.56	-0.21	1.90	1
1.823	-169.79	-4.73	-516.39	543.61	-1.12	-1.57	-0.21	1.94	1
1.833	-174.28	-4.00	-530.54	558.45	-1.21	-1.62	-0.19	2.03	1
1.842	-177.63	2.90	-539.42	567.92	-1.29	-1.66	-0.15	2.10	1
1.852	-179.52	8.44	-544.70	573.58	-1.36	-1.68	-0.14	2.17	1
1.862	-178.74	3.05	-563.02	590.71	-1.44	-1.77	-0.15	2.29	1
1.871	-173.73	3.83	-578.10	603.65	-1.49	-1.84	-0.15	2.37	1
1.881	-169.59	12.53	-585.04	609.26	-1.55	-1.87	-0.13	2.43	1
1.890	-171.55	19.53	-590.61	615.33	-1.61	-1.90	-0.12	2.49	1
1.900	-176.04	21.26	-602.61	628.16	-1.69	-1.95	-0.11	2.58	1
1.909	-179.22	25.82	-613.78	639.93	-1.76	-1.98	-0.09	2.65	1
1.919	-182.73	27.02	-630.39	656.90	-1.83	-2.04	-0.06	2.74	1
1.928	-186.13	25.48	-651.82	678.35	-1.92	-2.10	-0.01	2.84	1
1.938	-190.05	21.04	-674.66	701.23	-2.00	-2.16	0.03	2.95	1
1.947	-192.77	24.56	-689.32	716.19	-2.09	-2.19	0.07	3.03	1
1.957	-194.48	30.04	-701.65	728.72	-2.16	-2.21	0.11	3.09	1
1.966	-196.55	33.39	-718.08	745.25	-2.24	-2.25	0.14	3.18	1
1.976	-194.09	44.18	-728.53	755.23	-2.30	-2.25	0.17	3.22	1
1.985	-194.55	42.57	-750.95	776.90	-2.39	-2.32	0.19	3.33	1
1.994	-192.54	48.84	-767.50	792.79	-2.45	-2.38	0.23	3.42	1
2.004	-192.93	50.61	-785.79	810.71	-2.53	-2.45	0.28	3.53	1
2.013	-196.90	46.42	-809.62	834.51	-2.61	-2.55	0.32	3.66	1
2.022	-199.99	44.30	-831.45	856.31	-2.69	-2.65	0.38	3.79	1
2.032	-203.30	40.05	-850.99	875.85	-2.76	-2.73	0.43	3.91	1
2.041	-208.48	35.71	-867.31	892.73	-2.83	-2.82	0.47	4.02	1
2.050	-215.44	27.25	-882.61	908.93	-2.90	-2.94	0.50	4.16	1
2.059	-220.82	22.38	-893.80	920.94	-2.96	-3.02	0.53	4.26	1
2.069	-222.35	21.90	-899.81	927.13	-3.02	-3.08	0.54	4.35	1
2.078	-222.23	23.32	-907.79	934.88	-3.09	-3.12	0.58	4.43	1
2.087	-219.02	29.54	-914.47	940.80	-3.15	-3.14	0.64	4.50	1
2.096	-218.87	19.96	-931.38	956.96	-3.22	-3.24	0.70	4.62	1
2.105	-221.83	4.19	-949.31	974.89	-3.30	-3.35	0.75	4.76	1
2.115	-221.90	-0.07	-957.80	983.17	-3.36	-3.39	0.81	4.84	1
2.124	-220.20	-5.98	-967.15	991.92	-3.43	-3.44	0.85	4.94	1
2.133	-220.00	-20.39	-979.82	1004.43	-3.51	-3.50	0.88	5.04	1
2.142	-220.25	-21.65	-984.81	1009.37	-3.59	-3.51	0.94	5.10	1
2.152	-219.39	-25.24	-991.40	1015.70	-3.66	-3.52	1.00	5.18	1
2.161	-214.81	-29.18	-1000.12	1023.35	-3.75	-3.54	1.03	5.26	1
2.170	-205.84	-24.17	-1006.56	1027.67	-3.84	-3.52	1.07	5.32	1
2.179	-201.00	-31.54	-1015.69	1035.87	-3.92	-3.54	1.11	5.40	1
2.188	-200.43	-38.64	-1024.52	1044.66	-4.00	-3.58	1.17	5.49	1
2.197	-200.75	-36.22	-1029.28	1049.30	-4.08	-3.57	1.24	5.57	1
2.207	-201.79	-56.70	-1045.09	1065.91	-4.17	-3.65	1.30	5.69	1
2.216	-199.11	-68.10	-1054.43	1075.22	-4.25	-3.66	1.35	5.77	1
2.225	-196.11	-88.30	-1066.34	1087.82	-4.35	-3.69	1.40	5.87	1
2.234	-195.28	-88.62	-1074.19	1095.39	-4.43	-3.65	1.46	5.93	1
2.243	-207.52	-89.35	-1085.13	1108.41	-4.51	-3.69	1.50	6.02	1
2.253	-221.25	-80.10	-1094.74	1119.74	-4.56	-3.72	1.55	6.09	1
2.262	-228.61	-95.38	-1109.86	1137.17	-4.63	-3.80	1.57	6.19	1
2.271	-227.76	-110.02	-1125.66	1153.72	-4.71	-3.85	1.63	6.30	1
2.280	-227.33	-128.59	-1144.23	1173.66	-4.78	-3.92	1.68	6.41	1
2.289	-229.61	-139.09	-1159.71	1190.37	-4.86	-3.98	1.73	6.52	1
2.298	-233.47	-147.14	-1177.86	1209.76	-4.93	-4.04	1.82	6.63	1
2.307	-238.56	-160.23	-1198.75	1232.71	-5.00	-4.11	1.93	6.75	1
2.316	-242.18	-177.81	-1217.81	1254.32	-5.08	-4.17	2.00	6.87	1
2.325	-243.02	-190.82	-1231.91	1270.07	-5.17	-4.19	2.07	6.96	1
2.334	-243.13	-204.09	-1246.88	1286.65	-5.26	-4.18	2.13	7.05	1
2.344	-243.65	-216.54	-1261.35	1302.79	-5.36	-4.15	2.18	7.12	1
2.352	-240.33	-231.83	-1275.28	1318.27	-5.47	-4.10	2.24	7.20	1
2.362	-224.24	-264.68	-1287.80	1333.70	-5.60	-4.03	2.28	7.27	1
2.370	-210.42	-294.11	-1299.45	1348.83	-5.72	-3.98	2.31	7.34	1
2.380	-204.50	-314.98	-1309.14	1361.94	-5.81	-3.96	2.32	7.40	1
2.389	-211.24	-327.49	-1323.41	1379.59	-5.88	-4.02	2.35	7.50	1
2.397	-216.81	-341.39	-1340.02	1399.72	-5.95	-4.06	2.41	7.60	1
2.406	-218.00	-353.38	-1351.90	1414.23	-6.01	-4.06	2.47	7.67	1
2.415	-216.95	-366.12	-1359.26	1424.33	-6.07	-4.05	2.49	7.71	1
2.424	-212.66	-377.41	-1369.71	1436.58	-6.12	-4.04	2.50	7.75	1
2.433	-208.36	-391.20	-1380.54	1449.94	-6.18	-4.04	2.51	7.80	1
2.442	-202.78	-412.07	-1392.37	1466.15	-6.23	-4.06	2.54	7.86	1
2.451	-198.70	-430.15	-1401.46	1479.39	-6.26	-4.06	2.55	7.89	1
2.460	-196.58	-436.08	-1410.20	1489.12	-6.28	-4.03	2.57	7.89	1
2.469	-195.78	-430.87	-1415.19	1492.23	-6.29	-3.98	2.58	7.87	1
2.478	-193.67	-432.07	-1422.53	1499.26	-6.33	-3.93	2.57	7.88	1
2.486	-188.96	-437.62	-1432.09	1509.34	-6.38	-3.88	2.55	7.89	1
2.495	-184.24	-450.63	-1445.81	1525.58	-6.45	-3.90	2.57	7.96	1
2.504	-183.25	-459.01	-1460.05	1541.43	-6.49	-3.93	2.58	8.02	1
2.513	-186.82	-462.89	-1470.06	1552.50	-6.51	-3.98	2.64	8.07	1
2.522	-194.44	-473.73	-1475.32	1561.67	-6.51	-4.03	2.70	8.12	1
2.530	-202.25	-482.24	-1477.62	1567.42	-6.50	-4.05	2.77	8.15	1
2.539	-207.48	-475.59	-1477.65	1566.10	-6.49	-4.01	2.83	8.14	1
2.548	-209.37	-468.53	-1481.19	1567.57	-6.51	-3.97	2.86	8.15	1
2.556	-208.93	-465.87	-1486.78	1572.01	-6.54	-3.93	2.87	8.15	1
2.565	-206.46	-456.47	-1489.86	1571.83	-6.57	-3.88	2.87	8.15	1
2.574	-206.14	-453.90	-1494.72	1575.66	-6.60	-3.89	2.87	8.18	1
2.582	-210.14	-454.74	-1499.75	1581.20	-6.63	-3.93	2.88	8.23	1
2.591	-216.71	-457.14	-1504.96	1587.71	-6.67	-4.00	2.91	8.31	1
2.600	-223.44	-470.77	-1514.04	1601.21	-6.72	-4.16	2.96	8.44	1
2.609	-228.40	-486.12	-1523.63	1615.53	-6.77	-4.33	3.00	8.58	1
2.617	-228.83	-499.03	-1532.82	1628.16	-6.83	-4.48	3.03	8.71	1
2.626	-224.58	-500.23	-1539.33	1634.07	-6.89	-4.56	3.03	8.80	1
2.634	-220.94	-509.94	-1547.98	1644.72	-6.94	-4.66	3.04	8.89	1
2.643	-218.41	-507.80	-1551.94	1647.45	-6.99	-4.70	3.06	8.96	1
2.652	-218.97	-500.84	-1551.92	1645.37	-7.01	-4.74	3.08	9.00	1
2.660	-223.58	-510.08	-1554.09	1650.87	-7.04	-4.80	3.13	9.08	1
2.669	-229.99	-524.92	-1554.60	1656.87	-7.06	-4.88	3.20	9.16	1
2.677	-232.14	-533.64	-1554.56	1659.91	-7.09	-4.94	3.25	9.23	1
2.686	-229.95	-535.09	-1553.83	1659.40	-7.11	-4.96	3.25	9.26	1
2.695	-225.99	-533.00	-1554.83	1659.11	-7.14	-4.96	3.26	9.29	1
2.703	-226.15	-546.63	-1559.55	1667.97	-7.19	-5.01	3.30	9.36	1
2.712	-228.08	-558.73	-1562.63	1675.11	-7.22	-5.03	3.35	9.42	1
2.720	-229.40	-561.48	-1562.89	1676.46	-7.27	-5.01	3.37	9.45	1
2.729	-230.69	-569.13	-1562.12	1678.49	-7.32	-4.98	3.39	9.48	1
2.737	-230.62	-575.30	-1560.10	1678.71	-7.38	-4.93	3.40	9.51	1
2.746	-228.13	-569.19	-1553.74	1670.36	-7.43	-4.82	3.41	9.49	1
2.755	-226.45	-567.31	-1547.73	1663.91	-7.46	-4.72	3.41	9.46	1
2.763	-225.15	-570.78	-1542.37	1659.93	-7.48	-4.63	3.41	9.43	1
2.772	-223.11	-569.22	-1534.37	1651.70	-7.47	-4.50	3.39	9.35	1
2.780	-217.58	-557.02	-1523.63	1636.78	-7.44	-4.30	3.35	9.22	1
2.789	-212.08	-540.85	-1510.68	1618.53	-7.40	-4.09	3.29	9.08	1
2.798	-209.36	-538.75	-1504.55	1611.76	-7.40	-3.92	3.27	8.99	1
2.807	-209.09	-535.29	-1499.68	1606.02	-7.38	-3.79	3.26	8.91	1
2.815	-209.02	-534.22	-1494.49	1600.81	-7.36	-3.69	3.24	8.85	1
2.824	-208.47	-535.06	-1487.33	1594.34	-7.34	-3.60	3.22	8.79	1
2.832	-207.00	-538.14	-1479.06	1587.47	-7.31	-3.50	3.19	8.71	1
2.841	-205.66	-541.35	-1470.35	1580.28	-7.27	-3.35	3.17	8.61	1
2.850	-203.67	-537.54	-1461.16	1570.16	-7.21	-3.16	3.14	8.48	1
2.859	-202.90	-537.29	-1453.33	1562.70	-7.12	-3.00	3.09	8.32	1
2.867	-203.35	-537.40	-1444.93	1554.98	-6.99	-2.86	3.00	8.13	1
2.876	-204.46	-538.59	-1434.35	1545.72	-6.83	-2.77	2.90	7.92	1
2.885	-203.79	-536.36	-1421.41	1532.85	-6.62	-2.68	2.78	7.66	1
2.894	-201.49	-533.72	-1407.34	1518.57	-6.38	-2.61	2.67	7.39	1
2.902	-196.92	-514.80	-1389.64	1494.95	-6.13	-2.47	2.52	7.08	1
2.911	-192.63	-507.14	-1376.02	1479.09	-5.91	-2.38	2.42	6.81	1
2.920	-189.98	-499.91	-1361.93	1463.17	-5.68	-2.31	2.31	6.55	1
2.928	-188.30	-500.78	-1350.01	1452.16	-5.44	-2.30	2.20	6.30	1
2.937	-187.44	-506.58	-1337.58	1442.52	-5.14	-2.32	2.08	6.01	1
2.946	-186.75	-505.73	-1319.90	1425.75	-4.79	-2.36	1.93	5.68	1
2.954	-185.38	-506.05	-1302.43	1409.53	-4.42	-2.41	1.78	5.34	1
2.963	-183.61	-502.90	-1283.52	1390.70	-4.01	-2.45	1.63	4.97	1
2.972	-180.80	-500.59	-1265.36	1372.74	-3.59	-2.48	1.49	4.61	1
2.980	-177.55	-498.18	-1246.19	1353.77	-3.16	-2.49	1.36	4.25	1
2.989	-173.56	-487.46	-1225.15	1329.94	-2.73	-2.46	1.23	3.88	1
2.998	-169.58	-471.90	-1203.07	1303.39	-2.31	-2.42	1.13	3.53	1
3.006	-166.80	-460.77	-1182.83	1280.32	-1.93	-2.38	1.05	3.24	1
3.015	-162.20	-435.32	-1161.17	1250.65	-1.59	-2.30	0.99	2.97	1
3.024	-158.07	-412.55	-1143.33	1225.72	-1.35	-2.22	0.94	2.77	1
3.032	-153.29	-380.83	-1124.90	1197.47	-1.15	-2.12	0.89	2.57	1
3.041	-150.36	-363.86	-1111.18	1178.87	-1.02	-2.03	0.86	2.43	1
3.050	-149.02	-346.15	-1096.06	1159.04	-0.91	-1.94	0.83	2.30	1
3.059	-149.81	-340.52	-1085.30	1147.29	-0.84	-1.90	0.81	2.23	1
3.067	-150.95	-343.01	-1078.24	1141.51	-0.77	-1.91	0.80	2.21	1
3.076	-151.10	-340.61	-1070.67	1133.66	-0.69	-1.95	0.77	2.20	1
3.085	-150.23	-336.73	-1062.86	1125.00	-0.58	-2.02	0.73	2.23	1
3.094	-150.50	-324.64	-1050.65	1109.91	-0.47	-2.09	0.67	2.24	1
3.102	-152.21	-307.54	-1037.42	1092.70	-0.35	-2.12	0.63	2.24	1
3.111	-155.30	-297.36	-1025.43	1078.92	-0.25	-2.16	0.60	2.26	1
3.120	-155.77	-291.87	-1017.20	1069.64	-0.17	-2.19	0.57	2.27	1
3.129	-153.49	-284.95	-1011.28	1061.81	-0.11	-2.19	0.54	2.26	1
3.138	-153.02	-280.64	-1006.02	1055.58	-0.04	-2.22	0.51	2.28	1
3.146	-155.08	-279.37	-1002.62	1052.30	0.03	-2.23	0.50	2.28	1
3.155	-158.30	-278.29	-1001.22	1051.17	0.08	-2.24	0.48	2.29	1
3.164	-160.86	-273.59	-1000.74	1049.86	0.13	-2.21	0.46	2.26	1
3.173	-161.46	-268.47	-1001.41	1049.27	0.17	-2.18	0.44	2.23	1
3.182	-159.48	-267.84	-1003.78	1051.07	0.22	-2.14	0.44	2.20	1
3.190	-157.82	-268.29	-1007.02	1054.02	0.26	-2.11	0.44	2.17	1
3.199	-159.53	-265.77	-1011.10	1057.54	0.30	-2.07	0.44	2.14	1
3.208	-163.68	-261.25	-1015.56	1061.32	0.34	-2.05	0.42	2.12	1
3.217	-164.83	-259.90	-1020.91	1066.29	0.38	-2.04	0.43	2.12	1
3.225	-161.92	-261.76	-1025.45	1070.65	0.43	-2.04	0.44	2.13	1
3.234	-161.32	-259.48	-1025.28	1069.83	0.48	-2.03	0.42	2.13	1
3.243	-169.10	-251.79	-1021.50	1065.58	0.52	-2.01	0.37	2.11	1
3.252	-178.47	-239.26	-1015.96	1058.90	0.57	-1.99	0.31	2.09	1
3.260	-182.86	-228.00	-1010.94	1052.34	0.62	-1.97	0.25	2.08	1
3.269	-184.30	-220.90	-1008.07	1048.32	0.68	-1.96	0.19	2.08	1
3.278	-185.15	-219.05	-1007.15	1047.19	0.73	-1.97	0.14	2.10	1
3.287	-185.67	-215.11	-1006.22	1045.57	0.79	-1.96	0.12	2.12	1
3.296	-182.01	-212.30	-1005.62	1043.77	0.84	-1.93	0.13	2.11	1
3.304	-176.40	-216.14	-1005.79	1043.76	0.87	-1.91	0.13	2.10	1
3.313	-173.16	-215.95	-1003.00	1040.50	0.91	-1.87	0.13	2.08	1
3.322	-177.28	-207.09	-995.22	1031.88	0.93	-1.80	0.11	2.03	1
3.331	-175.17	-194.12	-985.68	1019.77	0.96	-1.71	0.09	1.96	1
3.340	-150.51	-188.13	-980.85	1010.01	1.00	-1.62	0.10	1.90	1
3.349	-119.99	-186.35	-980.71	1005.44	1.03	-1.56	0.11	1.87	1
3.357	-116.94	-176.49	-981.61	1004.18	1.05	-1.52	0.10	1.85	1
3.366	-147.37	-158.70	-982.08	1005.67	1.04	-1.53	0.04	1.85	1
3.375	-178.54	-143.26	-980.93	1007.29	1.03	-1.52	-0.02	1.84	1
3.384	-184.98	-137.93	-977.17	1004.04	1.03	-1.49	-0.06	1.81	1
3.393	-177.79	-126.75	-968.12	992.44	1.03	-1.40	-0.07	1.74	1
3.402	-173.39	-107.19	-956.95	978.42	1.02	-1.26	-0.06	1.62	1
3.411	-174.15	-93.64	-949.30	969.67	1.00	-1.17	-0.07	1.54	1
3.419	-174.59	-83.44	-942.94	962.59	0.97	-1.11	-0.07	1.47	1
3.428	-175.23	-69.82	-937.18	955.98	0.96	-1.04	-0.06	1.41	1
3.437	-176.16	-63.74	-934.14	952.74	0.96	-1.02	-0.07	1.40	1
3.446	-177.18	-53.41	-929.57	947.81	0.99	-0.99	-0.09	1.40	1
3.455	-177.46	-49.70	-926.24	944.40	1.02	-0.99	-0.10	1.42	1
3.464	-175.88	-42.08	-920.57	938.16	1.04	-0.96	-0.11	1.42	1
3.473	-174.62	-31.51	-914.59	931.64	1.05	-0.91	-0.11	1.39	1
3.482	-175.42	-8.18	-901.64	918.59	1.04	-0.83	-0.11	1.33	1
3.491	-174.67	4.46	-892.66	909.60	0.99	-0.77	-0.11	1.26	1
3.500	-166.94	11.96	-884.86	900.55	0.92	-0.70	-0.07	1.16	1
3.509	-156.78	6.46	-881.25	895.11	0.87	-0.68	-0.04	1.11	1
3.518	-152.46	-3.31	-884.08	897.14	0.84	-0.70	-0.02	1.09	1
3.527	-154.33	0.56	-884.05	897.42	0.82	-0.71	-0.02	1.09	1
3.536	-157.24	11.28	-880.73	894.72	0.84	-0.67	-0.02	1.07	1
3.545	-159.23	16.59	-876.72	891.22	0.84	-0.66	-0.03	1.07	1
3.554	-159.85	21.47	-870.29	885.11	0.86	-0.63	-0.05	1.07	1
3.563	-159.74	33.36	-859.72	875.07	0.86	-0.58	-0.04	1.04	1
3.572	-159.41	48.33	-847.37	863.59	0.83	-0.51	-0.02	0.98	1
3.581	-159.23	63.41	-835.23	852.63	0.79	-0.45	-0.02	0.91	1
3.590	-159.41	75.63	-826.18	844.81	0.74	-0.41	-0.02	0.85	1
3.599	-159.47	84.08	-822.00	841.53	0.71	-0.38	-0.01	0.80	1
3.608	-159.81	89.67	-819.84	840.07	0.66	-0.35	0.01	0.75	1
3.617	-159.67	96.91	-815.61	836.72	0.65	-0.32	0.02	0.72	1
3.626	-159.54	102.89	-810.30	832.24	0.62	-0.27	0.03	0.68	1
3.635	-159.70	110.88	-801.01	824.26	0.61	-0.21	0.05	0.65	1
3.645	-161.03	115.59	-789.61	814.11	0.59	-0.16	0.05	0.61	1
3.654	-162.39	115.63	-781.02	806.06	0.56	-0.13	0.06	0.57	1
3.663	-163.62	115.74	-772.55	798.12	0.53	-0.10	0.07	0.55	1
3.672	-165.75	114.13	-764.04	790.10	0.51	-0.08	0.06	0.52	1
3.681	-167.50	116.50	-754.61	781.71	0.50	-0.04	0.04	0.51	1
3.690	-168.20	119.85	-744.75	772.85	0.51	-0.00	0.03	0.51	1
3.699	-168.72	119.80	-738.39	766.83	0.52	0.03	0.03	0.52	1
3.709	-167.71	125.78	-727.27	756.88	0.53	0.07	0.04	0.53	1
3.718	-168.14	124.28	-716.28	746.17	0.53	0.09	0.02	0.54	1
3.727	-167.41	126.53	-702.10	732.79	0.54	0.13	0.02	0.55	1
3.736	-166.21	126.17	-688.51	719.44	0.55	0.15	0.01	0.57	1
3.746	-167.03	117.86	-678.66	708.78	0.54	0.12	-0.03	0.55	1
3.755	-167.24	111.47	-667.88	697.46	0.55	0.11	-0.06	0.56	1
3.764	-165.91	116.11	-650.50	681.30	0.56	0.15	-0.07	0.59	1
3.773	-165.75	117.27	-637.30	668.86	0.57	0.18	-0.07	0.61	1
3.783	-167.00	116.13	-628.20	660.31	0.58	0.20	-0.09	0.62	1
3.792	-168.57	111.45	-621.04	653.09	0.58	0.23	-0.09	0.63	1
3.801	-170.09	106.65	-614.15	646.13	0.57	0.25	-0.09	0.63	1
3.811	-170.09	109.86	-599.69	632.95	0.57	0.32	-0.09	0.66	1
3.820	-168.78	115.27	-584.47	619.18	0.58	0.39	-0.06	0.70	1
3.830	-167.19	121.51	-567.61	604.07	0.58	0.45	-0.05	0.73	1
3.839	-165.77	123.05	-555.67	592.78	0.56	0.49	-0.03	0.74	1
3.848	-164.39	125.06	-545.63	583.41	0.53	0.51	-0.01	0.73	1
3.858	-162.71	123.85	-535.87	573.56	0.49	0.53	0.01	0.72	1
3.867	-160.71	119.88	-526.26	563.16	0.44	0.53	0.00	0.69	1
3.877	-157.44	115.15	-516.20	551.83	0.38	0.53	0.01	0.65	1
3.886	-152.91	111.25	-505.11	539.34	0.34	0.54	0.03	0.63	1
3.896	-150.64	102.27	-496.83	529.14	0.28	0.52	0.03	0.59	1
3.905	-149.07	93.50	-488.91	519.62	0.23	0.51	0.02	0.56	1
3.915	-147.85	89.45	-478.52	508.77	0.19	0.51	0.04	0.55	1
3.925	-147.53	87.59	-468.22	498.67	0.17	0.53	0.04	0.55	1
3.934	-146.08	85.22	-457.73	487.97	0.15	0.54	0.04	0.57	1
3.944	-144.76	78.41	-453.90	482.83	0.13	0.52	0.06	0.54	1
3.953	-143.17	69.19	-451.21	478.41	0.12	0.51	0.06	0.52	1
3.963	-141.64	61.05	-446.43	472.32	0.09	0.49	0.05	0.50	1
3.973	-136.55	62.00	-430.07	455.46	0.08	0.52	0.07	0.53	1
3.982	-134.21	53.10	-422.46	446.44	0.07	0.51	0.05	0.52	1
3.992	-128.40	53.00	-404.23	427.43	0.07	0.54	0.06	0.54	1
4.002	-123.36	52.87	-390.57	412.99	0.07	0.55	0.07	0.56	1
4.012	-122.57	43.13	-387.95	409.13	0.06	0.54	0.04	0.54	1
4.021	-122.25	32.82	-386.87	407.05	0.06	0.50	-0.01	0.51	1
4.031	-122.37	23.88	-387.05	406.63	0.06	0.47	-0.06	0.48	1
4.041	-119.61	24.64	-380.88	399.98	0.06	0.47	-0.04	0.48	1
4.051	-114.55	32.58	-365.71	384.62	0.08	0.51	-0.00	0.51	1
4.060	-110.30	36.81	-356.52	375.00	0.09	0.53	0.03	0.54	1
4.070	-105.46	41.77	-344.85	363.03	0.09	0.54	0.08	0.56	1
4.080	-100.46	46.56	-330.89	348.92	0.07	0.57	0.12	0.58	1
4.090	-97.56	44.28	-320.80	338.22	0.05	0.57	0.13	0.59	1
4.100	-97.96	34.31	-315.48	332.11	0.01	0.55	0.11	0.56	1
4.110	-97.98	23.54	-308.39	324.44	-0.04	0.53	0.09	0.54	1
4.119	-95.65	10.98	-305.23	320.06	-0.09	0.49	0.07	0.50	1
4.129	-92.56	3.36	-299.27	313.27	-0.11	0.46	0.07	0.48	1
4.139	-94.00	-1.39	-287.83	302.79	-0.14	0.45	0.06	0.47	1
4.149	-96.25	-4.73	-276.43	292.75	-0.15	0.42	0.06	0.45	1
4.159	-96.18	-13.20	-273.21	289.94	-0.18	0.37	0.02	0.41	1
4.169	-90.41	-25.89	-277.12	292.64	-0.21	0.30	-0.03	0.36	1
4.179	-86.82	-34.52	-275.61	291.02	-0.22	0.25	-0.07	0.34	1
4.189	-85.12	-35.82	-268.22	283.67	-0.21	0.22	-0.09	0.32	1
4.199	-84.31	-40.05	-267.58	283.39	-0.21	0.18	-0.10	0.29	1
4.209	-82.31	-40.69	-262.24	277.85	-0.20	0.15	-0.10	0.27	1
4.219	-80.36	-39.53	-254.96	270.23	-0.20	0.14	-0.09	0.26	1
4.229	-77.72	-39.30	-248.11	262.95	-0.18	0.12	-0.09	0.23	1
4.239	-75.08	-42.38	-248.77	263.29	-0.16	0.07	-0.09	0.19	1
4.249	-75.05	-50.83	-255.08	270.70	-0.15	-0.02	-0.10	0.19	1
4.259	-78.72	-55.26	-258.03	275.37	-0.15	-0.09	-0.11	0.21	1
4.269	-83.84	-56.95	-258.29	277.47	-0.15	-0.14	-0.10	0.23	1
4.279	-84.48	-59.40	-258.65	278.51	-0.14	-0.21	-0.12	0.28	1
4.289	-80.76	-63.91	-261.78	281.31	-0.13	-0.28	-0.15	0.34	1
4.299	-77.84	-67.70	-264.68	284.08	-0.11	-0.34	-0.19	0.41	1
4.309	-78.75	-69.80	-265.00	285.13	-0.10	-0.41	-0.23	0.48	1
4.319	-83.13	-72.12	-267.93	289.65	-0.10	-0.48	-0.26	0.56	1
4.329	-89.72	-77.28	-275.80	300.14	-0.09	-0.55	-0.32	0.64	1
4.339	-96.77	-83.39	-290.46	317.31	-0.08	-0.63	-0.37	0.74	1
4.350	-103.56	-93.13	-316.60	345.88	-0.09	-0.77	-0.42	0.88	1
4.360	-109.61	-99.61	-339.62	370.51	-0.08	-0.89	-0.45	1.00	1
4.370	-114.81	-99.40	-357.14	388.08	-0.08	-0.99	-0.48	1.10	1
4.380	-116.03	-91.32	-363.24	392.11	-0.08	-1.04	-0.47	1.14	1
4.390	-114.93	-80.16	-362.60	388.73	-0.06	-1.07	-0.45	1.16	1
4.400	-111.65	-61.69	-349.15	371.72	-0.05	-1.05	-0.37	1.11	1
4.410	-108.36	-43.61	-329.77	349.85	-0.05	-1.02	-0.30	1.07	1
4.420	-102.63	-27.01	-307.32	325.13	-0.06	-0.99	-0.23	1.02	1
4.430	-98.34	-18.09	-292.75	309.36	-0.09	-0.99	-0.19	1.01	1
4.440	-99.21	-19.37	-292.41	309.39	-0.15	-1.02	-0.16	1.05	1
4.450	-102.62	-23.73	-296.50	314.65	-0.25	-1.05	-0.15	1.09	1
4.460	-106.86	-31.04	-309.12	328.53	-0.34	-1.09	-0.14	1.15	1
4.470	-109.56	-36.31	-320.06	340.24	-0.43	-1.10	-0.11	1.18	1
4.480	-110.37	-37.21	-325.28	345.51	-0.53	-1.07	-0.06	1.20	1
4.490	-110.27	-35.53	-323.01	343.16	-0.62	-1.01	-0.02	1.19	1
4.500	-109.32	-31.50	-313.70	333.70	-0.70	-0.92	0.01	1.16	1
4.510	-107.64	-24.67	-297.36	317.20	-0.78	-0.83	0.04	1.14	1
4.520	-106.16	-19.59	-282.13	302.08	-0.85	-0.75	0.05	1.14	1
4.530	-104.49	-17.64	-273.36	293.18	-0.91	-0.74	0.08	1.17	1
4.540	-102.91	-18.87	-271.16	290.64	-0.95	-0.77	0.10	1.23	1
4.550	-101.99	-24.14	-277.41	296.55	-0.98	-0.85	0.11	1.30	1
4.560	-102.55	-33.63	-291.13	310.49	-1.00	-0.97	0.09	1.39	1
4.571	-103.08	-40.10	-300.68	320.38	-0.99	-1.06	0.09	1.45	1
4.581	-105.27	-49.24	-310.14	331.20	-0.98	-1.16	0.05	1.52	1
4.591	-106.37	-55.22	-312.31	334.52	-0.94	-1.22	0.01	1.54	1
4.601	-108.21	-62.48	-320.08	343.60	-0.89	-1.28	-0.03	1.56	1
4.611	-111.33	-73.79	-336.35	361.89	-0.81	-1.38	-0.07	1.60	1
4.621	-113.09	-82.09	-345.34	372.54	-0.73	-1.45	-0.11	1.63	1
4.631	-113.65	-88.44	-345.49	374.30	-0.64	-1.47	-0.15	1.61	1
4.641	-114.62	-95.62	-349.51	380.05	-0.54	-1.51	-0.18	1.62	1
4.651	-115.15	-102.90	-355.00	387.13	-0.45	-1.55	-0.21	1.63	1
4.662	-113.00	-106.08	-352.28	384.87	-0.36	-1.55	-0.23	1.61	1
4.672	-111.57	-108.72	-348.81	382.01	-0.29	-1.56	-0.23	1.61	1
4.682	-112.52	-116.06	-353.43	388.64	-0.24	-1.60	-0.24	1.63	1
4.692	-113.50	-118.39	-353.14	389.37	-0.20	-1.62	-0.22	1.65	1
4.702	-114.82	-117.48	-346.72	383.66	-0.18	-1.61	-0.19	1.63	1
4.712	-116.38	-120.34	-348.13	386.29	-0.15	-1.65	-0.18	1.67	1
4.722	-116.95	-117.40	-341.17	379.29	-0.15	-1.65	-0.14	1.66	1
4.733	-118.43	-119.32	-340.29	379.56	-0.16	-1.67	-0.12	1.68	1
4.743	-119.74	-120.13	-343.26	382.88	-0.18	-1.71	-0.10	1.72	1
4.753	-121.88	-118.37	-342.00	381.88	-0.20	-1.72	-0.07	1.73	1
4.763	-123.85	-116.33	-341.70	381.62	-0.23	-1.73	-0.04	1.74	1
4.773	-125.61	-113.95	-340.11	380.05	-0.26	-1.74	-0.02	1.76	1
4.783	-126.94	-115.81	-345.77	386.11	-0.28	-1.77	-0.01	1.79	1
4.793	-127.67	-114.30	-351.00	390.59	-0.31	-1.81	0.04	1.83	1
4.804	-128.44	-112.14	-351.79	390.93	-0.34	-1.82	0.06	1.85	1
4.814	-128.97	-113.90	-357.74	396.97	-0.37	-1.87	0.08	1.91	1
4.824	-129.25	-111.70	-357.56	396.28	-0.39	-1.90	0.11	1.95	1
4.834	-130.00	-107.14	-351.60	389.87	-0.41	-1.91	0.14	1.96	1
4.844	-130.35	-105.30	-348.99	387.13	-0.44	-1.92	0.16	1.98	1
4.854	-130.56	-103.54	-346.56	384.54	-0.47	-1.94	0.19	2.01	1
4.864	-130.78	-104.17	-344.01	382.49	-0.48	-1.96	0.20	2.02	1
4.874	-131.12	-109.53	-348.40	388.04	-0.50	-2.00	0.22	2.07	1
4.885	-131.47	-114.16	-349.58	390.54	-0.52	-2.03	0.23	2.11	1
4.895	-132.05	-119.13	-351.48	393.91	-0.53	-2.05	0.24	2.13	1
4.905	-133.28	-124.18	-352.97	397.21	-0.55	-2.07	0.25	2.15	1
4.915	-133.83	-126.58	-351.14	396.52	-0.55	-2.07	0.27	2.16	1
4.925	-135.35	-131.18	-354.91	401.86	-0.55	-2.09	0.29	2.18	1
4.935	-136.36	-133.79	-357.40	405.25	-0.54	-2.11	0.31	2.20	1
4.946	-137.76	-137.24	-361.30	410.31	-0.54	-2.12	0.31	2.21	1
4.956	-139.17	-138.52	-362.49	412.26	-0.53	-2.12	0.32	2.21	1
4.966	-141.26	-143.55	-366.01	417.76	-0.51	-2.15	0.30	2.23	1
4.976	-142.66	-147.20	-368.94	422.06	-0.50	-2.17	0.31	2.24	1
4.986	-145.14	-149.27	-366.29	421.33	-0.46	-2.17	0.30	2.23	1
4.997	-147.17	-151.04	-364.96	421.50	-0.43	-2.17	0.29	2.23	1
5.007	-149.37	-153.74	-365.15	423.42	-0.40	-2.18	0.28	2.24	1
5.017	-152.04	-158.92	-369.86	430.31	-0.36	-2.21	0.26	2.25	1
5.027	-154.54	-162.43	-373.26	435.42	-0.33	-2.22	0.25	2.26	1
5.037	-157.49	-163.76	-374.96	438.43	-0.30	-2.22	0.22	2.26	1
5.048	-159.21	-163.69	-380.08	443.40	-0.26	-2.25	0.24	2.28	1
5.058	-161.74	-168.71	-389.50	454.24	-0.22	-2.29	0.21	2.31	1
5.068	-164.42	-166.13	-390.57	455.17	-0.18	-2.30	0.22	2.32	1
5.078	-168.23	-165.69	-391.16	456.90	-0.15	-2.31	0.22	2.33	1
5.088	-173.42	-165.37	-394.40	461.49	-0.13	-2.33	0.23	2.34	1
5.098	-179.43	-165.80	-395.08	464.52	-0.12	-2.35	0.24	2.36	1
5.109	-186.06	-166.73	-400.97	472.43	-0.12	-2.39	0.26	2.41	1
5.119	-193.24	-164.45	-402.72	476.00	-0.11	-2.41	0.29	2.43	1
5.129	-202.38	-163.31	-411.19	486.52	-0.13	-2.45	0.33	2.48	1
5.139	-212.88	-158.31	-418.57	495.56	-0.15	-2.49	0.38	2.52	1
5.149	-225.22	-153.20	-429.17	508.31	-0.19	-2.54	0.44	2.58	1
5.160	-238.61	-144.04	-441.98	522.52	-0.24	-2.59	0.52	2.66	1
5.170	-253.24	-132.25	-457.63	539.49	-0.30	-2.65	0.61	2.74	1
5.180	-269.20	-116.85	-475.72	558.96	-0.37	-2.71	0.72	2.83	1
5.190	-286.29	-105.59	-499.19	585.06	-0.45	-2.80	0.83	2.95	1
5.200	-304.61	-94.59	-520.72	610.65	-0.56	-2.88	0.89	3.07	1
5.210	-323.54	-78.40	-544.17	637.92	-0.66	-2.97	1.00	3.20	1
5.220	-342.08	-56.39	-567.10	664.68	-0.79	-3.04	1.12	3.33	1
5.230	-360.79	-33.41	-593.83	695.64	-0.92	-3.11	1.25	3.48	1
5.240	-378.50	-15.57	-626.55	732.16	-1.08	-3.22	1.38	3.66	1
5.250	-394.71	0.05	-659.30	768.42	-1.24	-3.33	1.50	3.86	1
5.259	-409.01	10.28	-698.35	809.38	-1.41	-3.47	1.62	4.08	1
5.269	-421.00	24.88	-732.12	844.90	-1.59	-3.58	1.75	4.29	1
5.279	-430.81	38.10	-762.00	876.18	-1.76	-3.68	1.86	4.48	1
5.289	-437.68	45.34	-795.14	908.78	-1.93	-3.81	1.95	4.69	1
5.298	-443.33	53.10	-825.04	938.11	-2.08	-3.92	2.04	4.88	1
5.308	-445.56	63.95	-849.25	961.16	-2.23	-3.98	2.13	5.03	1
5.318	-445.05	73.17	-870.72	980.60	-2.37	-4.05	2.19	5.18	1
5.328	-439.99	71.15	-900.34	1004.63	-2.48	-4.16	2.22	5.33	1
5.337	-434.27	69.08	-929.03	1027.84	-2.59	-4.27	2.25	5.48	1
5.347	-425.35	67.52	-951.82	1044.72	-2.69	-4.37	2.27	5.61	1
5.356	-418.55	74.34	-963.52	1053.13	-2.78	-4.42	2.30	5.71	1
5.366	-406.63	71.44	-982.13	1065.38	-2.86	-4.51	2.34	5.83	1
5.376	-394.64	62.21	-998.20	1075.18	-2.94	-4.58	2.33	5.92	1
5.385	-382.56	57.83	-1010.95	1082.45	-3.02	-4.65	2.37	6.02	1
5.395	-369.40	46.00	-1023.31	1088.92	-3.09	-4.70	2.36	6.10	1
5.405	-355.93	36.48	-1034.78	1094.89	-3.15	-4.74	2.39	6.17	1
5.414	-345.18	21.48	-1042.99	1098.83	-3.20	-4.77	2.39	6.22	1
5.424	-333.78	8.42	-1052.22	1103.92	-3.26	-4.79	2.42	6.28	1
5.434	-323.99	-9.23	-1057.36	1105.93	-3.31	-4.77	2.42	6.29	1
5.444	-311.55	-32.24	-1069.23	1114.16	-3.37	-4.78	2.44	6.33	1
5.453	-302.32	-49.35	-1074.46	1117.27	-3.42	-4.73	2.44	6.33	1
5.463	-291.69	-72.29	-1083.33	1124.24	-3.45	-4.69	2.43	6.31	1
5.473	-282.91	-86.92	-1088.17	1127.70	-3.49	-4.59	2.44	6.26	1
5.482	-275.20	-98.29	-1088.17	1126.72	-3.51	-4.46	2.42	6.17	1
5.492	-266.16	-111.50	-1089.83	1127.39	-3.51	-4.34	2.40	6.08	1
5.502	-260.54	-115.40	-1085.64	1122.41	-3.51	-4.17	2.38	5.95	1
5.511	-253.56	-125.68	-1087.88	1124.08	-3.51	-4.05	2.34	5.85	1
5.521	-242.67	-140.61	-1091.30	1126.76	-3.50	-3.92	2.31	5.74	1
5.531	-233.99	-152.90	-1093.93	1129.07	-3.45	-3.79	2.27	5.61	1
5.540	-233.50	-165.98	-1099.54	1136.25	-3.34	-3.73	2.21	5.47	1
5.550	-240.25	-170.40	-1103.62	1142.25	-3.22	-3.65	2.16	5.33	1
5.559	-240.40	-176.15	-1104.92	1144.41	-3.12	-3.55	2.10	5.17	1
5.569	-233.91	-182.34	-1101.81	1141.02	-3.05	-3.42	2.04	5.02	1
5.578	-226.72	-188.71	-1099.91	1138.77	-2.98	-3.32	2.01	4.89	1
5.588	-221.20	-194.58	-1098.94	1137.74	-2.93	-3.23	1.99	4.79	1
5.597	-217.89	-196.08	-1099.07	1137.49	-2.88	-3.15	1.99	4.71	1
5.607	-215.44	-201.01	-1098.31	1137.15	-2.84	-3.07	1.96	4.62	1
5.616	-213.85	-209.51	-1104.26	1144.12	-2.82	-3.03	1.95	4.57	1
5.626	-216.69	-208.42	-1103.64	1143.86	-2.81	-2.97	1.96	4.53	1
5.635	-206.87	-227.48	-1111.13	1152.89	-2.82	-2.97	1.95	4.53	1
5.644	-186.84	-252.19	-1113.01	1156.42	-2.83	-2.93	1.93	4.50	1
5.654	-165.91	-281.04	-1113.72	1160.55	-2.82	-2.89	1.92	4.47	1
5.663	-159.96	-304.30	-1112.69	1164.59	-2.76	-2.89	1.89	4.42	1
5.672	-158.94	-320.06	-1109.65	1165.78	-2.66	-2.92	1.86	4.37	1
5.682	-151.68	-325.88	-1102.58	1159.69	-2.58	-2.89	1.81	4.28	1
5.691	-140.48	-328.42	-1091.77	1148.72	-2.48	-2.82	1.77	4.15	1
5.700	-132.61	-337.34	-1077.96	1137.27	-2.39	-2.75	1.72	4.03	1
5.710	-128.22	-356.35	-1064.39	1129.76	-2.31	-2.70	1.69	3.94	1
5.719	-123.77	-372.62	-1054.44	1125.17	-2.25	-2.68	1.67	3.88	1
5.728	-119.17	-387.68	-1046.53	1122.37	-2.20	-2.70	1.65	3.86	1
5.738	-114.02	-411.37	-1042.59	1126.60	-2.17	-2.77	1.62	3.88	1
5.747	-109.31	-436.88	-1040.35	1133.64	-2.12	-2.85	1.61	3.90	1
5.756	-104.31	-454.90	-1036.94	1137.13	-2.09	-2.88	1.60	3.90	1
5.766	-99.20	-460.00	-1027.77	1130.38	-2.03	-2.85	1.59	3.84	1
5.775	-94.26	-455.62	-1017.15	1118.51	-1.97	-2.78	1.59	3.76	1
5.784	-91.56	-445.35	-1004.75	1102.83	-1.93	-2.69	1.58	3.67	1
5.793	-92.46	-424.21	-990.10	1081.11	-1.90	-2.57	1.56	3.55	1
5.803	-93.36	-416.06	-977.52	1066.47	-1.87	-2.51	1.53	3.48	1
5.812	-92.58	-413.51	-967.82	1056.52	-1.85	-2.48	1.49	3.43	1
5.821	-86.04	-427.70	-964.37	1058.46	-1.84	-2.49	1.50	3.44	1
5.830	-78.69	-439.35	-960.77	1059.38	-1.82	-2.51	1.51	3.45	1
5.840	-75.73	-436.13	-951.91	1049.80	-1.81	-2.47	1.50	3.41	1
5.849	-73.67	-441.86	-945.42	1046.18	-1.80	-2.46	1.48	3.39	1
5.858	-71.68	-454.41	-942.72	1048.98	-1.79	-2.49	1.46	3.40	1
5.867	-70.49	-458.22	-942.44	1050.30	-1.79	-2.46	1.48	3.38	1
5.876	-71.65	-456.00	-940.20	1047.40	-1.80	-2.42	1.47	3.36	1
5.886	-72.39	-457.09	-938.60	1046.49	-1.80	-2.40	1.48	3.34	1
5.895	-69.56	-461.86	-942.92	1052.26	-1.82	-2.38	1.52	3.36	1
5.904	-67.27	-464.49	-942.02	1052.46	-1.82	-2.39	1.49	3.35	1
5.913	-60.84	-471.99	-947.53	1060.33	-1.83	-2.39	1.51	3.37	1
5.922	-56.55	-482.13	-950.48	1067.27	-1.84	-2.42	1.50	3.39	1
5.931	-53.00	-495.72	-957.60	1079.61	-1.87	-2.45	1.53	3.44	1
5.940	-53.39	-498.04	-961.23	1083.91	-1.90	-2.44	1.54	3.45	1
5.950	-53.87	-507.80	-966.16	1092.81	-1.93	-2.44	1.55	3.48	1
5.959	-51.70	-517.53	-975.13	1105.16	-1.96	-2.44	1.59	3.51	1
5.968	-48.76	-516.53	-982.62	1111.18	-1.99	-2.40	1.63	3.52	1
5.977	-44.77	-511.04	-987.57	1112.86	-1.99	-2.36	1.65	3.50	1
5.986	-41.20	-502.26	-991.42	1112.15	-2.01	-2.33	1.65	3.49	1
5.995	-38.19	-504.98	-995.33	1116.76	-2.03	-2.33	1.66	3.51	1
6.004	-36.07	-517.00	-999.37	1125.76	-2.06	-2.36	1.68	3.55	1
6.013	-32.99	-532.44	-1002.93	1135.98	-2.09	-2.39	1.71	3.61	1
6.022	-27.84	-545.65	-1005.04	1143.95	-2.11	-2.43	1.72	3.65	1
6.031	-23.38	-556.10	-1005.47	1149.25	-2.12	-2.46	1.70	3.67	1
6.040	-22.49	-566.72	-1005.34	1154.29	-2.14	-2.48	1.70	3.69	1
6.049	-26.06	-562.46	-1004.89	1151.89	-2.15	-2.46	1.68	3.67	1
6.058	-29.90	-550.20	-1007.58	1148.40	-2.15	-2.41	1.67	3.64	1
6.067	-30.77	-545.34	-1012.67	1150.59	-2.15	-2.41	1.67	3.63	1
6.076	-31.11	-542.46	-1017.63	1153.60	-2.17	-2.39	1.66	3.63	1
6.085	-30.42	-546.01	-1021.34	1158.53	-2.19	-2.38	1.66	3.63	1
6.094	-30.02	-545.82	-1023.94	1160.72	-2.20	-2.37	1.66	3.64	1
6.103	-30.86	-544.26	-1025.80	1161.66	-2.19	-2.37	1.67	3.64	1
6.112	-30.03	-558.70	-1029.28	1171.52	-2.18	-2.43	1.70	3.68	1
6.121	-28.99	-568.36	-1031.56	1178.13	-2.20	-2.46	1.72	3.72	1
6.130	-27.36	-582.19	-1033.54	1186.55	-2.21	-2.49	1.73	3.75	1
6.139	-26.76	-600.62	-1034.92	1196.88	-2.22	-2.56	1.75	3.82	1
6.148	-29.64	-595.82	-1035.09	1194.69	-2.21	-2.54	1.75	3.79	1
6.157	-31.39	-592.76	-1036.04	1194.04	-2.20	-2.53	1.75	3.78	1
6.166	-31.17	-586.81	-1035.57	1190.68	-2.22	-2.48	1.73	3.76	1
6.175	-30.48	-579.32	-1035.10	1186.58	-2.22	-2.44	1.70	3.71	1
6.183	-27.76	-587.81	-1038.06	1193.26	-2.22	-2.46	1.70	3.73	1
6.192	-26.21	-587.17	-1041.56	1195.96	-2.22	-2.45	1.71	3.72	1
6.201	-25.39	-593.35	-1042.74	1200.01	-2.21	-2.44	1.71	3.71	1
6.210	-25.68	-589.57	-1041.66	1197.21	-2.20	-2.40	1.70	3.68	1
6.219	-23.84	-590.96	-1038.27	1194.91	-2.20	-2.39	1.69	3.66	1
6.228	-21.75	-580.18	-1034.86	1186.60	-2.18	-2.34	1.67	3.60	1
6.237	-20.67	-579.75	-1030.65	1182.70	-2.15	-2.34	1.65	3.58	1
6.246	-22.27	-571.42	-1027.37	1175.81	-2.11	-2.32	1.64	3.54	1
6.255	-24.10	-563.49	-1023.20	1168.35	-2.06	-2.32	1.64	3.51	1
6.264	-23.86	-560.10	-1018.26	1162.38	-2.01	-2.34	1.65	3.50	1
6.273	-22.68	-564.21	-1013.63	1160.30	-1.96	-2.39	1.66	3.51	1
6.282	-20.74	-577.70	-1009.74	1163.51	-1.94	-2.44	1.68	3.54	1
6.291	-21.21	-572.70	-1003.42	1155.54	-1.92	-2.43	1.68	3.52	1
6.300	-20.81	-565.77	-998.89	1148.18	-1.89	-2.42	1.66	3.48	1
6.309	-20.33	-556.78	-995.15	1140.50	-1.88	-2.41	1.63	3.47	1
6.318	-20.55	-537.17	-992.89	1129.07	-1.86	-2.36	1.61	3.41	1
6.327	-19.26	-524.53	-994.08	1124.14	-1.85	-2.33	1.59	3.37	1
6.336	-17.88	-523.13	-995.32	1124.57	-1.84	-2.34	1.59	3.38	1
6.345	-16.87	-520.25	-996.65	1124.39	-1.83	-2.34	1.60	3.38	1
6.354	-16.58	-516.81	-997.57	1123.62	-1.83	-2.33	1.60	3.37	1
6.363	-15.72	-520.31	-996.47	1124.24	-1.82	-2.35	1.60	3.38	1
6.372	-15.13	-518.66	-993.88	1121.18	-1.82	-2.36	1.59	3.38	1
6.380	-14.81	-516.85	-990.16	1117.04	-1.80	-2.36	1.59	3.36	1
6.389	-14.33	-518.90	-985.78	1114.10	-1.77	-2.37	1.58	3.36	1
6.399	-14.23	-519.92	-979.97	1109.44	-1.75	-2.39	1.58	3.36	1
6.408	-13.84	-517.14	-973.78	1102.66	-1.72	-2.40	1.56	3.34	1
6.417	-15.89	-501.51	-967.02	1089.45	-1.69	-2.36	1.53	3.28	1
6.426	-19.07	-483.71	-960.84	1075.90	-1.67	-2.31	1.50	3.22	1
6.435	-21.49	-472.01	-955.19	1065.67	-1.64	-2.26	1.48	3.16	1
6.444	-23.18	-462.99	-949.87	1056.95	-1.63	-2.24	1.46	3.13	1
6.453	-24.13	-458.21	-945.72	1051.15	-1.60	-2.23	1.45	3.10	1
6.462	-25.29	-453.18	-942.91	1046.46	-1.58	-2.22	1.45	3.09	1
6.471	-26.20	-447.37	-942.34	1043.47	-1.56	-2.22	1.46	3.08	1
6.480	-29.14	-426.99	-940.54	1033.34	-1.53	-2.17	1.45	3.02	1
6.489	-31.30	-407.72	-939.88	1024.98	-1.51	-2.12	1.43	2.96	1
6.498	-33.24	-394.28	-939.86	1019.75	-1.48	-2.10	1.38	2.92	1
6.507	-33.42	-392.42	-944.92	1023.71	-1.46	-2.12	1.36	2.91	1
6.516	-32.98	-392.93	-952.44	1030.83	-1.43	-2.15	1.36	2.92	1
6.525	-33.35	-392.62	-960.33	1038.02	-1.41	-2.17	1.36	2.93	1
6.534	-33.35	-389.45	-967.70	1043.66	-1.38	-2.18	1.36	2.92	1
6.544	-32.36	-381.56	-973.25	1045.88	-1.37	-2.17	1.35	2.90	1
6.553	-32.25	-372.33	-977.04	1046.08	-1.36	-2.16	1.34	2.89	1
6.562	-34.11	-363.44	-979.80	1045.59	-1.35	-2.14	1.33	2.86	1
6.571	-37.50	-352.60	-982.85	1044.86	-1.33	-2.12	1.33	2.83	1
6.580	-40.65	-339.72	-987.67	1045.26	-1.32	-2.09	1.33	2.80	1
6.589	-43.05	-322.42	-993.34	1045.25	-1.29	-2.05	1.33	2.76	1
6.598	-43.35	-308.27	-998.57	1045.97	-1.28	-2.00	1.33	2.72	1
6.607	-42.42	-298.38	-1004.01	1048.27	-1.27	-1.97	1.31	2.69	1
6.616	-44.10	-287.13	-1009.98	1050.93	-1.25	-1.94	1.30	2.65	1
6.625	-46.29	-283.82	-1022.17	1061.85	-1.23	-1.94	1.33	2.66	1
6.634	-45.65	-287.03	-1035.59	1075.60	-1.21	-1.99	1.35	2.69	1
6.643	-41.86	-285.15	-1047.59	1086.51	-1.21	-2.00	1.35	2.70	1
6.652	-38.82	-270.77	-1056.99	1091.81	-1.22	-1.97	1.33	2.67	1
6.661	-36.74	-261.00	-1066.88	1098.96	-1.20	-1.97	1.32	2.66	1
6.670	-36.23	-256.12	-1074.81	1105.50	-1.18	-2.00	1.32	2.67	1
6.679	-35.97	-250.13	-1077.79	1107.02	-1.14	-2.00	1.29	2.64	1
6.687	-32.16	-256.46	-1082.76	1113.18	-1.14	-2.03	1.30	2.67	1
6.696	-33.18	-245.75	-1081.62	1109.68	-1.12	-2.00	1.27	2.62	1
6.705	-34.65	-238.73	-1082.98	1109.52	-1.09	-1.98	1.26	2.59	1
6.714	-38.99	-229.75	-1084.91	1109.66	-1.06	-1.96	1.25	2.55	1
6.723	-44.84	-222.06	-1088.58	1111.91	-1.01	-1.95	1.23	2.52	1
6.732	-45.47	-232.77	-1098.42	1123.73	-0.98	-2.00	1.24	2.55	1
6.741	-49.11	-227.15	-1100.97	1125.23	-0.94	-1.99	1.24	2.53	1
6.750	-50.32	-220.52	-1102.16	1125.13	-0.89	-1.98	1.24	2.50	1
6.759	-53.33	-210.21	-1100.38	1121.55	-0.84	-1.97	1.22	2.46	1
6.768	-56.78	-201.04	-1097.54	1117.25	-0.78	-1.96	1.21	2.44	1
6.777	-60.65	-193.96	-1092.13	1110.87	-0.74	-1.95	1.20	2.41	1
6.786	-63.91	-189.26	-1084.88	1103.12	-0.68	-1.94	1.18	2.37	1
6.795	-66.40	-187.96	-1079.63	1097.88	-0.64	-1.94	1.15	2.34	1
6.804	-69.51	-186.50	-1076.54	1094.78	-0.58	-1.95	1.13	2.33	1
6.813	-71.99	-186.50	-1076.54	1094.94	-0.53	-1.98	1.12	2.33	1
6.822	-76.32	-177.97	-1074.81	1092.11	-0.48	-1.95	1.10	2.29	1
6.831	-82.31	-163.97	-1073.64	1089.21	-0.43	-1.89	1.07	2.22	1
6.840	-91.05	-147.39	-1075.59	1089.46	-0.38	-1.84	1.05	2.15	1
6.849	-100.43	-130.37	-1080.69	1093.15	-0.33	-1.80	1.03	2.10	1
6.858	-106.56	-116.37	-1086.56	1097.95	-0.28	-1.75	1.01	2.04	1
6.867	-108.51	-111.66	-1090.30	1101.36	-0.23	-1.73	0.97	2.00	1
6.876	-113.00	-98.41	-1086.43	1096.71	-0.19	-1.68	0.95	1.94	1
6.885	-116.33	-92.29	-1082.87	1093.00	-0.14	-1.65	0.93	1.90	1
6.894	-121.80	-83.13	-1075.54	1085.60	-0.12	-1.61	0.90	1.85	1
6.903	-124.68	-72.06	-1068.90	1078.55	-0.08	-1.56	0.88	1.80	1
6.912	-123.64	-68.30	-1067.88	1077.18	-0.04	-1.57	0.87	1.79	1
6.921	-125.08	-60.36	-1066.28	1075.29	0.01	-1.56	0.87	1.79	1
6.930	-127.69	-52.39	-1063.49	1072.41	0.06	-1.57	0.85	1.79	1
6.939	-130.69	-43.45	-1059.31	1068.23	0.11	-1.56	0.84	1.78	1
6.948	-134.16	-34.49	-1051.72	1060.80	0.17	-1.55	0.82	1.76	1
6.957	-134.79	-28.68	-1042.88	1051.94	0.22	-1.53	0.80	1.74	1
6.966	-132.08	-26.68	-1033.36	1042.11	0.28	-1.50	0.77	1.71	1
6.975	-127.45	-28.93	-1026.43	1034.71	0.34	-1.50	0.75	1.71	1
6.984	-126.73	-33.34	-1018.58	1026.98	0.41	-1.50	0.72	1.71	1
6.993	-132.01	-31.23	-1010.00	1019.07	0.47	-1.50	0.69	1.72	1
7.002	-142.93	-21.50	-999.97	1010.36	0.54	-1.48	0.65	1.70	1
7.011	-155.57	-7.17	-988.97	1001.16	0.61	-1.44	0.60	1.68	1
7.020	-166.04	7.72	-975.94	989.99	0.66	-1.39	0.57	1.64	1
7.029	-172.18	16.94	-964.41	979.81	0.71	-1.33	0.55	1.61	1
7.038	-175.60	20.49	-954.72	970.95	0.76	-1.29	0.53	1.59	1
7.047	-180.03	27.15	-942.21	959.64	0.81	-1.25	0.51	1.57	1
7.056	-186.71	37.26	-926.27	945.64	0.86	-1.19	0.49	1.55	1
7.065	-194.03	43.04	-911.72	933.13	0.90	-1.15	0.45	1.53	1
7.074	-198.03	44.45	-901.58	924.15	0.95	-1.16	0.42	1.56	1
7.084	-199.60	46.28	-892.28	915.50	1.01	-1.18	0.37	1.60	1
7.093	-200.12	49.40	-877.97	901.84	1.08	-1.16	0.34	1.62	1
7.102	-198.61	48.16	-861.56	885.46	1.12	-1.16	0.31	1.64	1
7.111	-196.51	42.78	-843.75	867.39	1.16	-1.14	0.27	1.65	1
7.120	-198.62	41.95	-821.61	846.32	1.19	-1.13	0.23	1.66	1
7.130	-198.32	36.10	-799.82	824.83	1.23	-1.11	0.20	1.67	1
7.139	-188.43	24.35	-777.65	800.52	1.25	-1.09	0.19	1.66	1
7.148	-173.61	7.72	-755.47	775.20	1.26	-1.03	0.19	1.64	1
7.158	-167.21	4.20	-728.56	747.52	1.27	-0.93	0.19	1.59	1
7.167	-172.41	12.16	-698.99	720.04	1.28	-0.81	0.19	1.53	1
7.177	-176.16	8.56	-679.53	702.05	1.29	-0.75	0.16	1.50	1
7.186	-180.06	11.92	-654.74	679.15	1.30	-0.64	0.15	1.46	1
7.195	-179.47	3.93	-637.99	662.76	1.30	-0.56	0.13	1.42	1
7.205	-181.16	4.44	-617.10	643.16	1.28	-0.45	0.12	1.36	1
7.214	-180.51	1.50	-599.20	625.80	1.25	-0.36	0.11	1.30	1
7.224	-179.69	-0.75	-580.31	607.50	1.21	-0.29	0.09	1.25	1
7.234	-178.45	-3.21	-563.45	591.05	1.16	-0.22	0.09	1.19	1
7.243	-176.02	-5.43	-546.94	574.60	1.13	-0.16	0.09	1.14	1
7.253	-173.01	-6.95	-529.41	557.01	1.11	-0.11	0.08	1.12	1
7.262	-167.67	-13.16	-517.94	544.56	1.10	-0.10	0.08	1.10	1
7.272	-165.77	-10.93	-498.74	525.68	1.09	-0.05	0.06	1.10	1
7.282	-162.67	-14.38	-485.59	512.32	1.09	-0.04	0.04	1.09	1
7.291	-159.04	-20.41	-475.36	501.67	1.11	-0.05	0.01	1.11	1
7.301	-157.91	-20.57	-461.50	488.20	1.12	-0.03	0.01	1.12	1
7.311	-154.97	-28.90	-455.93	482.41	1.13	-0.06	-0.02	1.13	1
7.320	-153.21	-34.27	-448.15	474.86	1.14	-0.07	-0.03	1.14	1
7.330	-151.21	-37.18	-438.36	465.19	1.15	-0.06	-0.03	1.15	1
7.340	-147.09	-45.70	-433.73	460.27	1.15	-0.07	-0.05	1.15	1
7.350	-145.01	-48.66	-422.43	449.27	1.11	-0.04	-0.06	1.12	1
7.359	-142.43	-52.06	-413.01	439.96	1.08	-0.02	-0.07	1.08	1
7.369	-140.07	-54.79	-402.88	430.04	1.04	0.00	-0.08	1.04	1
7.379	-136.52	-58.98	-394.22	421.34	1.01	0.01	-0.09	1.01	1
7.389	-132.58	-62.55	-385.92	412.83	1.00	0.01	-0.11	1.01	1
7.399	-128.86	-64.30	-378.32	404.81	0.98	0.01	-0.12	0.99	1
7.409	-128.21	-55.28	-362.68	388.63	0.96	0.06	-0.11	0.96	1
7.419	-126.44	-47.75	-351.19	376.30	0.93	0.10	-0.09	0.94	1
7.428	-120.32	-53.78	-353.44	377.21	0.91	0.08	-0.11	0.92	1
7.438	-115.45	-56.95	-353.18	375.91	0.89	0.05	-0.12	0.89	1
7.448	-113.20	-53.38	-346.85	368.74	0.85	0.06	-0.11	0.85	1
7.458	-109.56	-54.96	-346.06	367.12	0.82	0.06	-0.11	0.83	1
7.468	-107.66	-55.89	-344.00	364.76	0.79	0.06	-0.13	0.81	1
7.478	-108.77	-50.56	-335.59	356.38	0.76	0.10	-0.12	0.78	1
7.488	-106.33	-58.09	-339.17	360.16	0.73	0.08	-0.15	0.75	1
7.498	-105.24	-63.20	-341.48	362.87	0.72	0.08	-0.17	0.75	1
7.508	-104.51	-67.39	-344.13	365.91	0.71	0.07	-0.19	0.74	1
7.517	-104.37	-68.38	-343.70	365.65	0.70	0.09	-0.20	0.74	1
7.527	-103.73	-68.48	-346.04	367.69	0.70	0.10	-0.21	0.74	1
7.537	-102.84	-66.11	-347.25	368.14	0.71	0.13	-0.21	0.75	1
7.547	-103.54	-59.49	-345.53	365.58	0.72	0.16	-0.21	0.77	1
7.557	-101.57	-62.15	-353.62	373.13	0.72	0.16	-0.24	0.78	1
7.567	-101.43	-60.89	-356.96	376.05	0.73	0.16	-0.25	0.79	1
7.577	-103.64	-56.01	-355.31	374.33	0.72	0.19	-0.25	0.79	1
7.587	-104.37	-54.72	-355.55	374.57	0.71	0.20	-0.26	0.78	1
7.596	-103.28	-56.20	-359.53	378.27	0.70	0.19	-0.29	0.79	1
7.606	-103.33	-52.90	-359.19	377.48	0.70	0.21	-0.29	0.78	1
7.616	-104.45	-45.60	-355.18	373.02	0.68	0.24	-0.26	0.77	1
7.626	-105.97	-38.79	-350.38	368.10	0.65	0.28	-0.24	0.75	1
7.636	-104.67	-44.53	-356.87	374.56	0.63	0.26	-0.27	0.74	1
7.645	-103.04	-52.01	-365.24	383.05	0.63	0.24	-0.30	0.74	1
7.655	-102.18	-58.72	-372.55	390.75	0.62	0.23	-0.34	0.75	1
7.665	-103.27	-59.14	-375.76	394.16	0.60	0.24	-0.33	0.73	1
7.675	-105.58	-54.95	-371.61	390.21	0.57	0.28	-0.31	0.71	1
7.685	-108.46	-51.05	-367.25	386.32	0.55	0.32	-0.29	0.70	1
7.695	-108.35	-58.01	-372.10	391.87	0.55	0.32	-0.31	0.70	1
7.704	-108.60	-65.86	-376.15	397.02	0.53	0.32	-0.33	0.71	1
7.714	-108.77	-73.67	-380.36	402.41	0.52	0.32	-0.36	0.71	1
7.724	-111.29	-71.45	-373.96	396.66	0.50	0.36	-0.34	0.71	1
7.734	-113.84	-68.85	-366.28	389.69	0.47	0.40	-0.33	0.70	1
7.744	-115.78	-68.84	-361.57	385.84	0.44	0.42	-0.32	0.69	1
7.754	-115.73	-75.24	-361.42	386.88	0.42	0.42	-0.35	0.69	1
7.764	-115.00	-82.26	-365.38	391.78	0.39	0.39	-0.35	0.66	1
7.773	-115.52	-79.17	-359.65	385.96	0.36	0.41	-0.31	0.63	1
7.783	-116.42	-73.32	-348.49	374.67	0.30	0.44	-0.27	0.60	1
7.793	-115.92	-72.66	-340.80	367.24	0.25	0.44	-0.26	0.56	1
7.803	-114.64	-70.77	-332.58	358.83	0.18	0.42	-0.24	0.52	1
7.813	-114.91	-65.64	-319.38	345.71	0.07	0.41	-0.18	0.46	1
7.823	-114.52	-68.46	-311.51	338.88	-0.05	0.36	-0.17	0.40	1
7.833	-113.53	-66.64	-302.07	329.51	-0.18	0.29	-0.12	0.36	1
7.843	-112.00	-75.28	-301.83	330.63	-0.31	0.19	-0.11	0.38	1
7.853	-111.43	-82.95	-300.10	330.69	-0.43	0.09	-0.10	0.45	1
7.863	-109.41	-92.43	-304.38	336.39	-0.54	-0.03	-0.08	0.55	1
7.873	-106.93	-104.37	-315.35	348.95	-0.63	-0.16	-0.08	0.65	1
7.883	-105.20	-110.58	-320.39	354.88	-0.68	-0.27	-0.06	0.74	1
7.893	-104.66	-112.00	-318.93	353.86	-0.73	-0.35	-0.03	0.81	1
7.903	-105.45	-111.85	-313.51	349.17	-0.76	-0.43	-0.02	0.88	1
7.913	-106.18	-110.33	-305.99	342.16	-0.77	-0.51	0.01	0.92	1
7.923	-104.41	-113.69	-309.68	346.01	-0.74	-0.63	0.04	0.97	1
7.933	-100.32	-122.08	-319.33	356.28	-0.70	-0.78	0.05	1.05	1
7.943	-97.63	-126.88	-318.67	356.62	-0.66	-0.89	0.04	1.10	1
7.954	-94.65	-127.79	-318.44	355.94	-0.65	-0.97	0.06	1.17	1
7.964	-92.68	-131.42	-321.05	359.08	-0.63	-1.07	0.06	1.24	1
7.974	-92.98	-127.39	-314.82	352.11	-0.62	-1.12	0.09	1.28	1
7.984	-89.94	-136.77	-327.14	365.81	-0.60	-1.25	0.07	1.39	1
7.994	-89.08	-139.00	-330.60	369.53	-0.56	-1.34	0.07	1.45	1
8.004	-89.54	-142.62	-332.93	373.09	-0.52	-1.42	0.05	1.51	1
8.015	-89.18	-144.39	-334.72	375.29	-0.46	-1.50	0.05	1.57	1
8.025	-88.56	-147.31	-335.74	377.18	-0.40	-1.56	0.04	1.61	1
8.035	-86.97	-153.95	-341.52	384.58	-0.32	-1.63	0.02	1.66	1
8.045	-86.49	-156.29	-344.30	387.88	-0.25	-1.69	0.02	1.71	1
8.055	-86.73	-160.24	-346.97	391.90	-0.20	-1.74	0.01	1.75	1
8.066	-88.60	-162.60	-349.19	395.25	-0.17	-1.80	0.00	1.81	1
8.076	-92.37	-154.91	-345.72	389.94	-0.17	-1.83	0.05	1.84	1
8.086	-96.87	-141.97	-339.87	380.85	-0.18	-1.85	0.12	1.87	1
8.096	-101.50	-134.09	-340.55	379.81	-0.20	-1.91	0.17	1.92	1
8.107	-107.20	-126.86	-345.56	383.41	-0.26	-1.98	0.20	2.01	1
8.117	-115.83	-111.43	-348.02	383.34	-0.33	-2.04	0.29	2.09	1
8.127	-126.78	-90.23	-347.91	381.13	-0.43	-2.09	0.39	2.17	1
8.137	-137.50	-75.33	-357.94	390.77	-0.54	-2.18	0.45	2.29	1
8.147	-149.05	-57.96	-370.92	403.92	-0.67	-2.27	0.52	2.42	1
8.158	-162.19	-35.18	-379.97	414.63	-0.81	-2.34	0.60	2.55	1
8.168	-173.17	-19.51	-406.44	442.23	-0.95	-2.46	0.66	2.72	1
8.178	-185.96	0.59	-428.36	466.98	-1.09	-2.56	0.72	2.87	1
8.188	-198.94	22.12	-451.64	494.01	-1.22	-2.64	0.78	3.02	1
8.198	-212.46	47.34	-473.33	520.98	-1.36	-2.72	0.85	3.16	1
8.208	-226.49	75.82	-493.00	547.81	-1.49	-2.77	0.94	3.28	1
8.217	-238.53	96.87	-521.35	581.45	-1.62	-2.87	1.00	3.44	1
8.227	-251.48	121.38	-545.83	613.11	-1.74	-2.93	1.07	3.57	1
8.237	-262.54	138.62	-577.07	648.97	-1.85	-3.01	1.14	3.71	1
8.247	-273.22	155.06	-606.37	682.92	-1.97	-3.06	1.21	3.84	1
8.256	-281.82	166.76	-636.98	716.23	-2.07	-3.11	1.25	3.94	1
8.266	-286.25	170.51	-675.65	753.34	-2.18	-3.20	1.29	4.09	1
8.276	-291.05	176.61	-708.20	785.78	-2.28	-3.26	1.32	4.19	1
8.285	-295.53	181.15	-738.37	815.69	-2.38	-3.31	1.36	4.30	1
8.295	-298.88	187.07	-761.97	839.60	-2.48	-3.34	1.40	4.39	1
8.304	-303.25	194.61	-779.63	858.87	-2.58	-3.36	1.45	4.47	1
8.314	-305.96	199.00	-798.62	878.07	-2.68	-3.41	1.50	4.59	1
8.323	-309.39	202.17	-817.50	897.17	-2.78	-3.47	1.57	4.72	1
8.333	-312.12	200.71	-838.77	917.19	-2.88	-3.55	1.62	4.85	1
8.343	-314.52	195.92	-861.68	937.98	-2.97	-3.65	1.64	4.98	1
8.352	-316.58	189.42	-886.61	960.30	-3.03	-3.78	1.66	5.12	1
8.362	-314.34	178.55	-917.62	986.26	-3.10	-3.91	1.69	5.27	1
8.371	-313.06	173.88	-944.18	1009.81	-3.17	-4.02	1.73	5.40	1
8.380	-312.56	172.50	-964.97	1028.90	-3.25	-4.10	1.79	5.53	1
8.390	-311.58	167.26	-985.47	1047.00	-3.35	-4.19	1.83	5.67	1
8.399	-309.46	160.06	-1006.00	1064.62	-3.44	-4.27	1.87	5.80	1
8.409	-304.92	151.95	-1026.76	1081.81	-3.54	-4.36	1.95	5.94	1
8.418	-303.21	143.40	-1041.89	1094.55	-3.64	-4.42	1.99	6.07	1
8.428	-300.90	133.72	-1054.39	1104.61	-3.74	-4.47	2.03	6.17	1
8.437	-294.15	118.92	-1071.84	1117.81	-3.82	-4.54	2.09	6.29	1
8.447	-285.06	99.16	-1090.53	1131.52	-3.91	-4.60	2.14	6.41	1
8.456	-279.40	83.67	-1100.38	1138.38	-3.98	-4.62	2.17	6.47	1
8.466	-271.89	62.83	-1111.00	1145.51	-4.04	-4.62	2.19	6.51	1
8.475	-261.12	42.91	-1120.94	1151.76	-4.06	-4.58	2.18	6.50	1
8.485	-247.66	22.88	-1127.42	1154.53	-4.07	-4.52	2.16	6.45	1
8.494	-236.58	8.53	-1128.86	1153.42	-4.05	-4.42	2.16	6.37	1
8.504	-234.77	5.37	-1117.80	1142.20	-4.03	-4.25	2.16	6.24	1
8.513	-231.52	-2.70	-1109.32	1133.22	-4.01	-4.09	2.16	6.12	1
8.523	-222.51	-15.37	-1101.73	1124.08	-3.99	-3.93	2.11	5.99	1
8.532	-216.48	-26.47	-1098.04	1119.49	-3.96	-3.81	2.08	5.88	1
8.542	-226.06	-29.25	-1095.30	1118.77	-3.89	-3.77	2.05	5.79	1
8.551	-241.16	-21.30	-1093.06	1119.55	-3.85	-3.74	2.07	5.75	1
8.561	-247.26	-19.15	-1091.59	1119.40	-3.85	-3.70	2.10	5.73	1
8.570	-242.38	-29.56	-1093.51	1120.44	-3.84	-3.63	2.11	5.69	1
8.580	-233.15	-53.09	-1103.24	1128.86	-3.82	-3.59	2.11	5.65	1
8.589	-225.57	-77.73	-1113.85	1139.12	-3.76	-3.55	2.09	5.58	1
8.599	-216.84	-98.47	-1119.44	1144.49	-3.70	-3.50	2.07	5.50	1
8.608	-208.16	-110.28	-1120.81	1145.30	-3.63	-3.43	2.04	5.40	1
8.618	-198.15	-130.29	-1128.52	1153.16	-3.54	-3.46	1.99	5.34	1
8.627	-194.67	-140.82	-1132.65	1157.85	-3.46	-3.50	1.97	5.29	1
8.637	-190.22	-158.29	-1137.65	1164.26	-3.41	-3.49	1.95	5.26	1
8.646	-183.08	-182.14	-1145.62	1174.37	-3.44	-3.44	1.97	5.24	1
8.655	-176.57	-209.04	-1152.15	1184.20	-3.46	-3.37	1.98	5.22	1
8.665	-169.23	-238.13	-1161.55	1197.72	-3.45	-3.36	2.01	5.22	1
8.674	-164.81	-258.93	-1166.95	1206.64	-3.42	-3.34	2.00	5.18	1
8.683	-160.84	-274.78	-1168.55	1211.15	-3.40	-3.29	2.00	5.14	1
8.693	-156.59	-283.54	-1168.85	1212.90	-3.39	-3.22	2.02	5.10	1
8.702	-155.21	-283.23	-1166.34	1210.23	-3.40	-3.16	2.02	5.06	1
8.711	-151.75	-288.40	-1163.65	1208.42	-3.38	-3.12	2.01	5.02	1
8.721	-146.31	-298.34	-1160.77	1207.40	-3.33	-3.10	2.00	4.97	1
8.730	-140.10	-312.16	-1156.87	1206.40	-3.27	-3.09	1.97	4.91	1
8.739	-135.36	-321.53	-1149.76	1201.52	-3.20	-3.05	1.92	4.82	1
8.749	-132.31	-328.58	-1139.37	1193.17	-3.11	-2.98	1.89	4.70	1
8.758	-131.68	-327.31	-1123.92	1177.99	-3.02	-2.87	1.84	4.56	1
8.767	-130.97	-326.64	-1109.84	1164.29	-2.96	-2.78	1.81	4.44	1
8.776	-128.51	-332.79	-1101.23	1157.58	-2.91	-2.74	1.80	4.38	1
8.786	-123.44	-354.15	-1097.98	1160.26	-2.88	-2.77	1.79	4.38	1
8.795	-119.59	-374.79	-1095.74	1164.23	-2.85	-2.84	1.77	4.39	1
8.804	-117.60	-390.90	-1093.92	1167.61	-2.82	-2.88	1.76	4.40	1
8.814	-114.39	-409.76	-1093.10	1172.97	-2.80	-2.92	1.77	4.42	1
8.823	-107.26	-434.54	-1095.89	1183.76	-2.76	-2.99	1.77	4.44	1
8.832	-101.92	-444.87	-1093.84	1185.24	-2.72	-2.99	1.78	4.42	1
8.841	-96.99	-453.20	-1087.72	1182.34	-2.67	-2.97	1.76	4.37	1
8.850	-92.70	-460.84	-1079.39	1177.31	-2.60	-2.95	1.73	4.30	1
8.860	-86.67	-466.75	-1070.64	1171.17	-2.55	-2.91	1.73	4.24	1
8.869	-80.41	-472.77	-1057.29	1160.96	-2.46	-2.88	1.70	4.16	1
8.878	-73.37	-483.28	-1043.18	1152.03	-2.38	-2.88	1.68	4.10	1
8.887	-67.50	-483.36	-1028.01	1137.98	-2.31	-2.82	1.69	4.02	1
8.897	-65.46	-476.76	-1008.07	1117.05	-2.23	-2.76	1.67	3.92	1
8.906	-64.87	-472.63	-989.29	1098.31	-2.16	-2.73	1.63	3.85	1
8.915	-61.43	-480.37	-978.34	1091.64	-2.09	-2.76	1.61	3.82	1
8.924	-56.86	-485.38	-972.05	1087.98	-2.05	-2.77	1.61	3.80	1
8.934	-50.45	-494.26	-970.14	1089.96	-2.02	-2.79	1.62	3.81	1
8.943	-46.35	-495.86	-968.65	1089.18	-2.00	-2.79	1.61	3.79	1
8.952	-42.42	-499.39	-968.62	1090.60	-1.97	-2.78	1.59	3.76	1
8.961	-36.26	-503.86	-972.96	1096.29	-1.98	-2.76	1.62	3.76	1
8.970	-33.66	-505.79	-970.58	1094.98	-1.96	-2.72	1.59	3.71	1
8.979	-30.28	-514.75	-971.88	1100.19	-1.96	-2.71	1.59	3.71	1
8.989	-30.70	-516.53	-970.66	1099.97	-1.95	-2.69	1.57	3.67	1
8.998	-30.10	-517.80	-973.04	1102.65	-1.95	-2.69	1.57	3.67	1
9.007	-27.75	-519.92	-978.24	1108.17	-1.96	-2.70	1.58	3.69	1
9.016	-27.26	-519.25	-981.14	1110.40	-1.96	-2.70	1.58	3.69	1
9.025	-27.76	-526.70	-985.45	1117.72	-1.96	-2.75	1.57	3.73	1
9.034	-26.19	-542.69	-992.54	1131.51	-1.97	-2.81	1.61	3.79	1
9.043	-23.06	-557.15	-999.53	1144.55	-1.99	-2.84	1.65	3.84	1
9.052	-20.16	-566.25	-1006.09	1154.67	-2.00	-2.84	1.69	3.86	1
9.061	-21.33	-566.98	-1012.33	1160.49	-2.03	-2.82	1.72	3.88	1
9.070	-24.51	-562.14	-1018.94	1163.98	-2.03	-2.79	1.73	3.86	1
9.079	-26.43	-561.10	-1025.75	1169.49	-2.02	-2.80	1.74	3.87	1
9.088	-25.88	-566.43	-1032.94	1178.33	-2.02	-2.85	1.76	3.91	1
9.097	-24.84	-567.72	-1040.29	1185.38	-1.99	-2.89	1.78	3.94	1
9.106	-25.80	-555.40	-1047.51	1185.92	-1.96	-2.89	1.79	3.92	1
9.115	-27.65	-545.55	-1053.18	1186.41	-1.94	-2.90	1.79	3.92	1
9.124	-28.10	-546.91	-1057.84	1191.19	-1.93	-2.92	1.81	3.94	1
9.133	-30.84	-540.07	-1057.08	1187.45	-1.93	-2.93	1.81	3.95	1
9.142	-34.03	-534.27	-1054.00	1182.16	-1.95	-2.93	1.81	3.95	1
9.151	-35.00	-541.44	-1053.26	1184.80	-1.98	-2.95	1.82	3.99	1
9.160	-38.89	-536.66	-1051.44	1181.12	-1.98	-2.94	1.81	3.98	1
9.169	-44.47	-527.85	-1050.62	1176.61	-1.97	-2.92	1.80	3.96	1
9.178	-45.73	-532.23	-1054.69	1182.26	-1.94	-2.95	1.79	3.96	1
9.187	-43.32	-540.56	-1060.53	1191.14	-1.94	-2.99	1.81	3.99	1
9.196	-42.34	-541.14	-1065.56	1195.84	-1.93	-2.98	1.81	3.98	1
9.205	-41.26	-547.05	-1071.99	1204.22	-1.93	-2.97	1.81	3.98	1
9.214	-40.82	-548.57	-1075.67	1208.17	-1.94	-2.92	1.80	3.94	1
9.223	-38.57	-556.60	-1079.11	1214.81	-1.95	-2.88	1.79	3.92	1
9.231	-38.14	-553.38	-1079.75	1213.90	-1.94	-2.81	1.77	3.85	1
9.240	-38.23	-556.30	-1080.36	1215.78	-1.92	-2.80	1.74	3.82	1
9.249	-42.85	-540.26	-1078.02	1206.59	-1.86	-2.77	1.71	3.75	1
9.258	-44.39	-538.12	-1078.55	1206.16	-1.82	-2.80	1.73	3.76	1
9.267	-47.95	-524.33	-1077.06	1198.87	-1.78	-2.79	1.72	3.73	1
9.276	-48.80	-518.22	-1077.36	1196.51	-1.77	-2.82	1.74	3.76	1
9.285	-47.86	-512.63	-1077.55	1194.24	-1.78	-2.84	1.77	3.79	1
9.294	-45.72	-510.42	-1077.28	1192.96	-1.82	-2.86	1.79	3.83	1
9.303	-42.26	-516.35	-1075.16	1193.47	-1.86	-2.88	1.81	3.88	1
9.312	-39.81	-519.83	-1068.83	1189.20	-1.92	-2.89	1.81	3.91	1
9.321	-36.31	-527.70	-1062.33	1186.74	-1.96	-2.90	1.81	3.94	1
9.330	-35.25	-526.69	-1055.39	1180.04	-1.97	-2.87	1.79	3.91	1
9.339	-33.13	-534.58	-1053.71	1182.02	-1.97	-2.86	1.77	3.89	1
9.347	-31.15	-543.79	-1053.04	1185.56	-1.92	-2.87	1.76	3.87	1
9.356	-31.34	-534.99	-1051.55	1180.23	-1.86	-2.83	1.71	3.79	1
9.365	-29.06	-528.45	-1051.42	1177.11	-1.77	-2.80	1.69	3.72	1
9.374	-28.65	-516.02	-1048.30	1168.77	-1.71	-2.75	1.68	3.65	1
9.383	-30.20	-500.50	-1044.62	1158.72	-1.65	-2.71	1.66	3.58	1
9.392	-29.93	-500.91	-1042.86	1157.30	-1.62	-2.71	1.68	3.58	1
9.401	-32.49	-495.22	-1039.87	1152.23	-1.59	-2.71	1.67	3.56	1
9.410	-34.37	-496.28	-1038.72	1151.70	-1.56	-2.71	1.68	3.55	1
9.419	-37.53	-486.33	-1036.23	1145.29	-1.54	-2.69	1.66	3.52	1
9.428	-38.98	-479.44	-1034.32	1140.70	-1.52	-2.67	1.65	3.49	1
9.437	-37.17	-484.92	-1035.08	1143.64	-1.49	-2.68	1.65	3.49	1
9.446	-37.24	-477.56	-1033.10	1138.75	-1.46	-2.66	1.64	3.45	1
9.455	-36.16	-473.74	-1030.07	1134.37	-1.44	-2.64	1.62	3.41	1
9.464	-35.00	-466.85	-1025.11	1126.95	-1.43	-2.61	1.60	3.38	1
9.473	-33.34	-463.49	-1018.97	1119.93	-1.42	-2.59	1.57	3.34	1
9.482	-30.79	-466.69	-1013.49	1116.20	-1.42	-2.59	1.57	3.34	1
9.491	-31.78	-452.19	-1006.02	1103.43	-1.41	-2.53	1.56	3.29	1
9.500	-31.86	-444.31	-999.28	1094.07	-1.39	-2.50	1.55	3.25	1
9.509	-30.41	-445.63	-994.53	1090.23	-1.36	-2.52	1.55	3.25	1
9.518	-27.16	-453.72	-991.28	1090.52	-1.34	-2.56	1.57	3.28	1
9.527	-25.03	-458.88	-986.69	1088.47	-1.30	-2.58	1.57	3.29	1
9.536	-21.60	-462.88	-980.95	1084.89	-1.27	-2.61	1.56	3.30	1
9.545	-18.64	-461.08	-975.02	1078.70	-1.26	-2.61	1.56	3.29	1
9.554	-16.46	-455.26	-970.05	1071.69	-1.24	-2.58	1.54	3.25	1
9.563	-16.31	-443.11	-965.66	1062.60	-1.23	-2.51	1.52	3.18	1
9.572	-16.88	-429.73	-962.32	1054.05	-1.20	-2.46	1.49	3.12	1
9.581	-17.66	-420.33	-962.15	1050.11	-1.18	-2.41	1.47	3.06	1
9.590	-19.55	-411.06	-962.04	1046.36	-1.16	-2.36	1.45	3.01	1
9.599	-21.52	-401.11	-960.96	1041.53	-1.14	-2.33	1.42	2.96	1
9.608	-22.52	-391.29	-958.07	1035.14	-1.11	-2.28	1.40	2.90	1
9.617	-23.07	-376.34	-953.51	1025.35	-1.08	-2.21	1.37	2.82	1
9.626	-22.48	-362.57	-948.94	1016.09	-1.07	-2.15	1.34	2.75	1
9.636	-22.53	-345.03	-944.26	1005.57	-1.05	-2.09	1.31	2.68	1
9.645	-23.89	-332.05	-939.41	996.65	-1.02	-2.04	1.26	2.60	1
9.654	-24.23	-333.09	-940.13	997.69	-1.00	-2.04	1.24	2.59	1
9.663	-26.25	-335.73	-942.89	1001.22	-0.98	-2.06	1.22	2.59	1
9.672	-26.80	-339.78	-948.80	1008.16	-0.96	-2.08	1.23	2.60	1
9.681	-26.25	-341.33	-955.22	1014.72	-0.94	-2.09	1.23	2.60	1
9.690	-25.71	-335.25	-958.15	1015.43	-0.92	-2.08	1.22	2.58	1
9.699	-25.37	-324.29	-958.65	1012.34	-0.90	-2.06	1.20	2.54	1
9.708	-23.79	-314.45	-959.79	1010.27	-0.87	-2.02	1.19	2.50	1
9.717	-22.63	-307.37	-961.75	1009.92	-0.85	-2.00	1.18	2.47	1
9.726	-22.63	-301.62	-964.62	1010.92	-0.82	-1.98	1.19	2.45	1
9.735	-22.62	-298.35	-968.20	1013.38	-0.79	-1.97	1.19	2.43	1
9.744	-22.83	-292.08	-971.22	1014.44	-0.77	-1.94	1.19	2.41	1
9.753	-22.94	-284.34	-973.44	1014.38	-0.74	-1.91	1.17	2.37	1
9.762	-22.93	-276.83	-976.60	1015.33	-0.72	-1.89	1.16	2.33	1
9.771	-23.59	-270.73	-980.83	1017.79	-0.69	-1.88	1.15	2.30	1
9.780	-25.68	-267.19	-986.17	1022.04	-0.64	-1.87	1.12	2.27	1
9.790	-29.09	-267.27	-991.31	1027.12	-0.60	-1.89	1.09	2.27	1
9.799	-31.49	-267.22	-994.88	1030.63	-0.55	-1.91	1.08	2.26	1
9.808	-33.17	-265.49	-995.43	1030.76	-0.52	-1.91	1.08	2.25	1
9.817	-36.73	-251.01	-987.90	1019.95	-0.47	-1.86	1.06	2.19	1
9.826	-37.81	-242.61	-980.92	1011.18	-0.42	-1.84	1.05	2.16	1
9.835	-38.38	-238.90	-973.53	1003.15	-0.37	-1.84	1.01	2.13	1
9.844	-40.27	-233.09	-965.82	994.36	-0.30	-1.84	0.98	2.11	1
9.853	-41.35	-226.96	-961.15	988.45	-0.25	-1.85	0.95	2.09	1
9.862	-42.96	-218.03	-955.87	981.36	-0.19	-1.82	0.93	2.05	1
9.871	-43.98	-212.85	-952.91	977.38	-0.12	-1.81	0.90	2.03	1
9.880	-47.25	-200.83	-950.71	972.84	-0.08	-1.76	0.88	1.97	1
9.889	-48.11	-201.82	-954.94	977.21	-0.02	-1.76	0.86	1.96	1
9.898	-51.32	-195.96	-959.26	980.41	0.04	-1.75	0.82	1.93	1
9.907	-56.14	-188.09	-964.60	984.37	0.10	-1.74	0.80	1.92	1
9.916	-61.60	-178.44	-971.09	989.27	0.16	-1.72	0.77	1.89	1
9.925	-65.16	-173.58	-979.35	996.74	0.21	-1.71	0.76	1.88	1
9.935	-66.70	-170.68	-987.71	1004.56	0.25	-1.71	0.74	1.88	1
9.944	-66.58	-170.16	-994.87	1011.51	0.30	-1.69	0.73	1.87	1
9.953	-66.98	-166.46	-999.77	1015.75	0.34	-1.69	0.73	1.87	1
9.962	-70.04	-155.85	-1002.03	1016.49	0.39	-1.67	0.72	1.86	1
9.971	-75.65	-140.99	-1000.60	1013.31	0.44	-1.64	0.70	1.84	1
9.980	-81.52	-125.53	-995.81	1007.00	0.49	-1.60	0.68	1.80	1
9.989	-86.94	-107.12	-988.20	997.78	0.55	-1.55	0.66	1.77	1
9.998	-91.88	-87.31	-978.20	986.38	0.59	-1.49	0.64	1.72	1
10.007	-92.54	-74.62	-971.77	979.01	0.65	-1.48	0.63	1.73	1
10.016	-91.39	-70.26	-967.70	974.54	0.71	-1.49	0.59	1.76	1
10.025	-91.42	-60.53	-960.87	967.10	0.77	-1.48	0.56	1.76	1
10.034	-94.16	-47.40	-949.97	955.80	0.82	-1.45	0.52	1.74	1
10.043	-99.01	-35.04	-935.42	941.30	0.84	-1.41	0.49	1.71	1
10.052	-104.52	-21.33	-917.17	923.35	0.84	-1.35	0.46	1.66	1
10.061	-106.90	-10.97	-897.95	904.36	0.83	-1.30	0.43	1.60	1
10.070	-107.61	-3.13	-877.47	884.05	0.82	-1.23	0.41	1.54	1
10.079	-107.98	0.46	-859.63	866.38	0.82	-1.19	0.37	1.49	1
10.089	-109.67	3.95	-845.19	852.29	0.83	-1.16	0.32	1.47	1
10.098	-114.31	8.23	-829.75	837.63	0.87	-1.13	0.27	1.45	1
10.107	-118.45	7.59	-821.05	829.58	0.92	-1.13	0.23	1.48	1
10.116	-125.87	9.37	-813.39	823.12	0.98	-1.14	0.19	1.51	1
10.125	-133.29	13.14	-805.26	816.33	1.06	-1.15	0.14	1.57	1
10.135	-136.54	14.94	-798.80	810.52	1.12	-1.17	0.11	1.63	1
10.144	-132.76	13.07	-792.14	803.30	1.19	-1.16	0.12	1.66	1
10.153	-126.92	7.90	-785.97	796.19	1.25	-1.16	0.12	1.71	1
10.162	-128.18	14.65	-774.72	785.39	1.29	-1.13	0.11	1.72	1
10.172	-134.03	28.73	-761.63	773.87	1.32	-1.08	0.09	1.71	1
10.181	-136.30	34.35	-750.80	763.85	1.33	-1.05	0.07	1.70	1
10.190	-136.34	35.60	-741.21	754.49	1.35	-1.03	0.04	1.70	1
10.199	-137.29	37.58	-730.08	743.82	1.36	-0.99	0.02	1.68	1
10.209	-137.55	37.32	-722.42	736.34	1.34	-0.96	0.00	1.65	1
10.218	-137.76	35.39	-713.85	727.88	1.35	-0.93	-0.01	1.64	1
10.227	-138.17	33.23	-704.54	718.73	1.35	-0.90	-0.03	1.62	1
10.237	-140.22	34.10	-691.04	705.94	1.35	-0.84	-0.04	1.59	1
10.246	-143.09	39.08	-672.94	689.09	1.36	-0.78	-0.05	1.57	1
10.255	-145.73	43.52	-657.01	674.39	1.37	-0.72	-0.06	1.55	1
10.265	-150.55	46.70	-641.03	660.12	1.38	-0.68	-0.09	1.54	1
10.274	-155.42	52.56	-622.56	643.81	1.41	-0.63	-0.10	1.55	1
10.284	-160.35	69.19	-597.75	622.74	1.40	-0.54	-0.08	1.50	1
10.293	-159.96	67.88	-584.70	609.97	1.40	-0.51	-0.11	1.49	1
10.302	-161.02	79.34	-563.27	591.18	1.38	-0.42	-0.08	1.45	1
10.312	-160.41	74.37	-552.09	579.72	1.37	-0.38	-0.12	1.42	1
10.321	-162.19	75.04	-536.70	565.67	1.34	-0.32	-0.13	1.38	1
10.331	-165.70	85.71	-513.90	546.72	1.31	-0.21	-0.12	1.33	1
10.340	-165.99	85.39	-502.16	535.73	1.29	-0.15	-0.13	1.30	1
10.350	-168.06	89.36	-485.71	521.67	1.25	-0.07	-0.12	1.26	1
10.360	-169.57	93.17	-471.50	509.66	1.20	0.01	-0.12	1.21	1
10.369	-169.27	92.99	-462.21	500.93	1.15	0.07	-0.10	1.15	1
10.379	-168.52	91.79	-453.87	492.77	1.10	0.13	-0.10	1.11	1
10.388	-168.53	94.58	-438.72	479.40	1.04	0.20	-0.08	1.06	1
10.398	-168.20	96.17	-421.53	463.92	0.97	0.28	-0.07	1.02	1
10.407	-166.01	96.99	-404.64	447.99	0.91	0.34	-0.05	0.97	1
10.417	-162.00	94.07	-391.17	433.72	0.85	0.37	-0.04	0.93	1
10.427	-158.05	91.98	-376.12	418.22	0.78	0.41	-0.03	0.88	1
10.437	-151.84	83.85	-365.07	404.18	0.73	0.41	-0.03	0.84	1
10.446	-145.49	74.89	-355.11	390.99	0.67	0.40	-0.04	0.78	1
10.456	-138.19	65.58	-345.01	377.40	0.63	0.39	-0.04	0.74	1
10.466	-130.03	52.42	-338.55	366.43	0.57	0.36	-0.05	0.68	1
10.476	-122.28	42.77	-328.42	353.05	0.53	0.34	-0.06	0.64	1
10.485	-115.66	37.49	-313.87	336.60	0.48	0.35	-0.07	0.60	1
10.495	-109.34	35.18	-298.19	319.55	0.43	0.35	-0.05	0.56	1
10.505	-103.12	27.00	-291.63	310.50	0.39	0.33	-0.05	0.52	1
10.515	-97.86	18.23	-285.00	301.88	0.37	0.30	-0.07	0.48	1
10.525	-92.90	12.47	-277.41	292.82	0.34	0.29	-0.08	0.45	1
10.535	-88.85	8.34	-267.52	282.01	0.30	0.29	-0.08	0.42	1
10.545	-83.36	2.88	-260.43	273.46	0.27	0.27	-0.10	0.39	1
10.555	-79.42	0.40	-251.66	263.89	0.23	0.27	-0.08	0.36	1
10.565	-74.43	-1.20	-243.78	254.89	0.19	0.26	-0.06	0.33	1
10.575	-69.29	-8.05	-242.41	252.25	0.16	0.22	-0.07	0.28	1
