Patient: S8R
Motion description: Dynamic Trial; Forward flexion; Weight: 2.4 kg;
 
---------------------------DATA--------------------------------
Note: all force components are represenetd in a right-handed coordinate system
The local coordinate system of the glenoid is defined as: Xg forward, Yg upward, Zg lateral
 
Time:
starts at the time frame where the first "1" occurs in the original dataset
ends at the time frame where the last "1" occurs in the original dataset
 
Forces:
Fgx, Fgy, Fgz: force components in the glenoid system
Fg:  the resultant force

Moments:
Mgx, Mgy, Mgz: Moment components in the glenoid system
Mg:  the resultant moment

Marker column:
0: kinematic data do not exist
1: kinematic data exist
2: errors/jumps in kinematic data
3: NaN (Not-a-Number) in kinematic data
 
Time	Fgx	Fgy	Fgz	Fg	Mgx	Mgy	Mgz	Mg	Marker
[s]	[N]	[N]	[N]	[N]	[Nm]	[Nm]	[Nm]	[Nm]    [0/1/2/3]
0.812	-36.30	-135.01	-102.72	173.48	-0.14	-0.54	-0.17	0.58	1
0.822	-37.59	-135.64	-107.45	177.08	-0.15	-0.55	-0.15	0.59	1
0.833	-37.20	-129.17	-100.51	167.85	-0.13	-0.53	-0.13	0.56	1
0.843	-35.56	-119.87	-90.27	154.22	-0.12	-0.48	-0.10	0.51	1
0.853	-34.33	-114.39	-82.00	144.87	-0.11	-0.45	-0.08	0.47	1
0.863	-33.09	-107.68	-70.67	132.98	-0.09	-0.40	-0.06	0.42	1
0.874	-31.60	-100.68	-58.87	120.83	-0.08	-0.36	-0.05	0.37	1
0.884	-30.00	-95.48	-49.15	111.50	-0.08	-0.32	-0.04	0.33	1
0.894	-29.47	-96.89	-47.23	111.74	-0.08	-0.31	-0.06	0.33	1
0.905	-30.13	-101.84	-51.46	118.02	-0.10	-0.34	-0.07	0.36	1
0.915	-31.02	-106.81	-55.15	124.15	-0.11	-0.35	-0.09	0.38	1
0.925	-32.19	-111.16	-58.27	129.57	-0.12	-0.37	-0.11	0.40	1
0.935	-33.36	-115.55	-62.21	135.40	-0.12	-0.38	-0.13	0.42	1
0.946	-34.68	-120.38	-69.11	143.08	-0.13	-0.41	-0.15	0.45	1
0.956	-34.96	-122.62	-76.29	148.58	-0.12	-0.44	-0.15	0.48	1
0.966	-35.60	-126.02	-83.73	155.43	-0.13	-0.47	-0.15	0.51	1
0.977	-36.40	-127.88	-90.50	160.83	-0.13	-0.48	-0.14	0.52	1
0.987	-36.42	-124.90	-90.56	158.52	-0.12	-0.48	-0.12	0.51	1
0.997	-35.44	-119.11	-85.31	150.73	-0.11	-0.46	-0.10	0.48	1
1.007	-34.42	-113.50	-76.87	141.33	-0.09	-0.42	-0.08	0.43	1
1.018	-33.19	-106.92	-66.60	130.27	-0.08	-0.38	-0.06	0.39	1
1.028	-31.75	-99.67	-54.84	118.11	-0.08	-0.33	-0.04	0.34	1
1.038	-31.23	-100.36	-52.78	117.62	-0.08	-0.33	-0.06	0.34	1
1.048	-32.53	-107.23	-60.11	127.16	-0.09	-0.35	-0.08	0.37	1
1.059	-33.74	-112.38	-63.92	133.62	-0.09	-0.37	-0.10	0.40	1
1.069	-35.60	-118.15	-70.04	141.89	-0.11	-0.40	-0.12	0.43	1
1.079	-37.26	-123.24	-77.93	150.50	-0.11	-0.42	-0.14	0.46	1
1.089	-38.15	-126.73	-85.76	157.70	-0.11	-0.45	-0.15	0.49	1
1.100	-39.27	-128.48	-91.53	162.56	-0.11	-0.46	-0.15	0.50	1
1.110	-39.98	-127.13	-93.95	163.06	-0.10	-0.47	-0.14	0.50	1
1.120	-38.98	-123.56	-92.44	159.16	-0.09	-0.46	-0.11	0.48	1
1.131	-38.09	-118.70	-84.96	150.86	-0.08	-0.42	-0.09	0.44	1
1.141	-36.47	-112.02	-74.69	139.49	-0.07	-0.37	-0.08	0.39	1
1.151	-36.41	-114.78	-75.75	142.26	-0.07	-0.38	-0.09	0.40	1
1.161	-37.50	-120.43	-81.65	150.26	-0.07	-0.41	-0.11	0.43	1
1.172	-39.10	-126.32	-88.75	159.26	-0.07	-0.43	-0.14	0.46	1
1.182	-40.67	-131.27	-97.46	168.48	-0.08	-0.46	-0.15	0.49	1
1.192	-42.03	-135.21	-104.56	176.01	-0.09	-0.48	-0.16	0.52	1
1.202	-42.98	-133.49	-105.92	175.74	-0.08	-0.49	-0.14	0.51	1
1.213	-41.30	-125.50	-98.41	164.74	-0.06	-0.45	-0.11	0.47	1
1.223	-39.98	-119.02	-88.39	153.55	-0.05	-0.41	-0.09	0.43	1
1.233	-38.21	-111.91	-76.70	140.95	-0.05	-0.37	-0.08	0.38	1
1.243	-38.43	-115.13	-78.30	144.44	-0.05	-0.38	-0.09	0.39	1
1.254	-39.72	-121.51	-85.60	153.85	-0.06	-0.40	-0.11	0.42	1
1.264	-41.55	-129.65	-98.14	167.83	-0.07	-0.46	-0.14	0.48	1
1.274	-42.95	-136.01	-108.98	179.50	-0.08	-0.49	-0.15	0.52	1
1.284	-43.79	-138.03	-115.76	185.39	-0.08	-0.53	-0.15	0.55	1
1.295	-42.82	-131.17	-110.13	176.54	-0.08	-0.50	-0.13	0.52	1
1.305	-41.71	-125.56	-103.56	168.02	-0.06	-0.47	-0.11	0.49	1
1.315	-40.25	-117.94	-93.37	155.71	-0.06	-0.43	-0.09	0.44	1
1.326	-39.25	-114.72	-87.21	149.36	-0.06	-0.41	-0.10	0.42	1
1.336	-40.49	-117.94	-92.33	155.16	-0.07	-0.42	-0.10	0.44	1
1.346	-42.74	-124.22	-103.04	166.95	-0.08	-0.47	-0.13	0.49	1
1.356	-44.56	-128.93	-115.08	178.47	-0.08	-0.51	-0.14	0.53	1
1.367	-46.20	-129.06	-123.41	184.45	-0.09	-0.53	-0.13	0.55	1
1.377	-45.81	-122.00	-121.57	178.22	-0.07	-0.51	-0.10	0.52	1
1.387	-46.26	-115.22	-117.06	170.64	-0.07	-0.48	-0.10	0.49	1
1.397	-47.30	-109.55	-115.67	166.19	-0.06	-0.45	-0.09	0.46	1
1.408	-51.07	-111.44	-127.53	176.89	-0.07	-0.46	-0.11	0.48	1
1.418	-54.80	-112.65	-140.47	188.21	-0.07	-0.49	-0.13	0.51	1
1.428	-56.26	-105.28	-142.45	185.85	-0.07	-0.46	-0.11	0.48	1
1.438	-58.07	-99.39	-145.22	185.31	-0.08	-0.43	-0.10	0.45	1
1.448	-60.46	-95.23	-151.24	188.67	-0.08	-0.42	-0.09	0.44	1
1.458	-63.17	-91.83	-156.51	192.14	-0.09	-0.41	-0.09	0.43	1
1.469	-65.67	-89.09	-162.47	196.58	-0.10	-0.40	-0.07	0.42	1
1.479	-68.88	-88.79	-167.64	201.82	-0.11	-0.39	-0.10	0.42	1
1.489	-71.81	-86.52	-170.93	204.60	-0.12	-0.38	-0.09	0.41	1
1.499	-75.17	-87.52	-182.64	216.02	-0.13	-0.41	-0.07	0.43	1
1.509	-77.70	-85.53	-185.62	218.65	-0.13	-0.40	-0.07	0.43	1
1.519	-79.26	-82.12	-189.46	221.19	-0.14	-0.40	-0.05	0.43	1
1.529	-81.53	-82.09	-198.66	229.89	-0.14	-0.41	-0.04	0.43	1
1.539	-83.32	-78.71	-200.18	230.67	-0.15	-0.39	-0.04	0.42	1
1.549	-85.07	-73.85	-201.87	231.17	-0.15	-0.37	-0.02	0.40	1
1.560	-88.90	-74.80	-213.67	243.21	-0.17	-0.39	0.01	0.42	1
1.570	-92.10	-74.48	-225.46	254.68	-0.18	-0.41	0.03	0.45	1
1.580	-96.26	-76.08	-238.23	267.97	-0.19	-0.44	0.02	0.48	1
1.590	-98.90	-70.29	-241.54	270.31	-0.20	-0.41	0.04	0.46	1
1.600	-102.83	-66.54	-249.21	277.68	-0.22	-0.41	0.05	0.47	1
1.610	-108.24	-65.64	-262.00	290.98	-0.24	-0.41	0.05	0.48	1
1.620	-114.41	-63.85	-275.48	305.05	-0.26	-0.41	0.07	0.49	1
1.630	-120.20	-55.50	-279.84	309.58	-0.28	-0.37	0.09	0.47	1
1.640	-124.94	-43.21	-281.12	310.65	-0.30	-0.31	0.12	0.45	1
1.650	-128.40	-30.84	-283.57	312.81	-0.31	-0.26	0.15	0.43	1
1.660	-134.90	-28.96	-296.76	327.27	-0.34	-0.26	0.15	0.45	1
1.670	-140.48	-22.50	-307.71	339.01	-0.37	-0.25	0.18	0.48	1
1.679	-149.59	-23.94	-325.84	359.34	-0.42	-0.27	0.18	0.53	1
1.689	-154.80	-15.26	-333.79	368.25	-0.46	-0.25	0.21	0.56	1
1.699	-158.52	-1.63	-338.22	373.53	-0.48	-0.20	0.27	0.59	1
1.709	-164.01	7.34	-347.09	383.96	-0.54	-0.18	0.29	0.63	1
1.719	-170.84	10.98	-362.04	400.48	-0.58	-0.17	0.33	0.69	1
1.729	-176.29	17.24	-373.56	413.43	-0.63	-0.15	0.36	0.75	1
1.738	-179.59	25.58	-381.70	422.61	-0.68	-0.12	0.41	0.81	1
1.748	-185.85	23.54	-397.86	439.76	-0.75	-0.14	0.41	0.87	1
1.758	-191.38	24.27	-411.66	454.61	-0.82	-0.14	0.42	0.93	1
1.767	-197.38	28.33	-424.48	468.98	-0.89	-0.15	0.46	1.01	1
1.777	-203.76	33.52	-435.67	482.13	-0.96	-0.17	0.48	1.09	1
1.787	-212.74	30.89	-455.09	503.31	-1.05	-0.24	0.51	1.19	1
1.796	-219.62	35.24	-468.08	518.24	-1.14	-0.27	0.54	1.29	1
1.806	-227.90	34.23	-484.77	536.76	-1.22	-0.33	0.57	1.39	1
1.816	-236.68	31.33	-499.87	553.96	-1.32	-0.38	0.57	1.48	1
1.825	-246.74	25.09	-518.54	574.80	-1.42	-0.44	0.58	1.60	1
1.835	-255.40	23.19	-534.88	593.18	-1.51	-0.48	0.62	1.70	1
1.844	-263.29	21.15	-551.59	611.57	-1.59	-0.50	0.66	1.79	1
1.854	-270.73	16.56	-568.16	629.58	-1.67	-0.51	0.70	1.88	1
1.863	-277.27	9.22	-586.21	648.54	-1.73	-0.54	0.74	1.96	1
1.873	-283.99	4.11	-605.58	668.88	-1.79	-0.56	0.80	2.04	1
1.882	-290.54	4.47	-624.59	688.87	-1.86	-0.56	0.86	2.12	1
1.892	-298.68	-1.00	-646.26	711.94	-1.93	-0.57	0.89	2.20	1
1.901	-305.02	-2.64	-666.99	733.43	-2.00	-0.58	0.94	2.28	1
1.910	-312.59	-8.52	-688.49	756.17	-2.07	-0.60	0.97	2.37	1
1.920	-317.95	-11.26	-708.65	776.80	-2.14	-0.61	1.02	2.45	1
1.929	-323.60	-13.49	-727.94	796.74	-2.21	-0.60	1.06	2.53	1
1.938	-330.63	-15.36	-747.57	817.56	-2.31	-0.58	1.09	2.62	1
1.948	-337.93	-18.87	-767.02	838.38	-2.39	-0.55	1.12	2.70	1
1.957	-343.78	-24.09	-783.46	855.91	-2.48	-0.54	1.15	2.78	1
1.966	-349.23	-40.02	-802.99	876.56	-2.55	-0.56	1.17	2.86	1
1.975	-352.36	-51.70	-815.31	889.70	-2.62	-0.57	1.17	2.93	1
1.985	-352.86	-61.77	-825.64	900.00	-2.69	-0.56	1.18	2.99	1
1.994	-353.30	-70.55	-836.46	910.75	-2.75	-0.57	1.19	3.05	1
2.003	-355.05	-80.90	-846.99	921.96	-2.79	-0.59	1.22	3.10	1
2.012	-359.51	-92.81	-859.12	935.92	-2.84	-0.60	1.22	3.15	1
2.021	-365.44	-94.08	-870.79	949.04	-2.90	-0.55	1.26	3.21	1
2.031	-374.29	-96.40	-885.46	966.13	-2.97	-0.47	1.28	3.27	1
2.040	-381.00	-102.06	-899.79	982.44	-3.02	-0.43	1.31	3.32	1
2.049	-387.62	-114.54	-915.04	1000.33	-3.09	-0.42	1.32	3.39	1
2.058	-394.67	-132.38	-935.69	1024.11	-3.16	-0.43	1.34	3.46	1
2.067	-401.78	-145.37	-954.61	1045.87	-3.23	-0.44	1.36	3.53	1
2.076	-409.01	-154.97	-971.21	1065.16	-3.29	-0.45	1.41	3.60	1
2.085	-416.11	-161.48	-983.45	1080.00	-3.35	-0.47	1.44	3.67	1
2.094	-421.58	-166.19	-994.63	1092.99	-3.39	-0.51	1.48	3.73	1
2.103	-425.33	-172.87	-1006.95	1106.68	-3.45	-0.56	1.53	3.81	1
2.112	-428.49	-185.08	-1020.67	1122.33	-3.50	-0.63	1.55	3.88	1
2.121	-432.89	-203.07	-1036.65	1141.61	-3.58	-0.71	1.59	3.98	1
2.130	-437.01	-218.30	-1050.35	1158.39	-3.66	-0.77	1.64	4.08	1
2.139	-441.40	-233.81	-1062.51	1174.06	-3.75	-0.82	1.67	4.18	1
2.148	-445.98	-251.49	-1075.92	1191.54	-3.82	-0.87	1.69	4.27	1
2.157	-450.82	-267.84	-1088.22	1207.97	-3.89	-0.91	1.72	4.35	1
2.166	-454.90	-285.50	-1102.32	1226.20	-3.94	-0.98	1.75	4.43	1
2.174	-458.15	-300.72	-1115.78	1243.10	-3.98	-1.04	1.77	4.48	1
2.183	-459.53	-311.78	-1127.35	1256.70	-4.02	-1.10	1.78	4.53	1
2.192	-461.62	-332.40	-1146.63	1279.98	-4.07	-1.18	1.83	4.61	1
2.201	-464.86	-357.12	-1165.75	1304.84	-4.10	-1.26	1.86	4.67	1
2.210	-468.26	-382.20	-1184.85	1330.11	-4.14	-1.31	1.89	4.74	1
2.218	-469.92	-400.83	-1200.62	1350.18	-4.18	-1.33	1.92	4.79	1
2.227	-469.78	-423.69	-1214.57	1369.44	-4.22	-1.35	1.93	4.83	1
2.236	-470.63	-434.76	-1222.68	1380.38	-4.27	-1.29	1.94	4.86	1
2.245	-472.54	-443.57	-1229.68	1390.03	-4.32	-1.21	1.97	4.90	1
2.253	-474.59	-460.12	-1238.64	1403.99	-4.36	-1.17	1.98	4.93	1
2.262	-475.08	-477.79	-1243.56	1414.37	-4.38	-1.13	1.97	4.94	1
2.271	-474.65	-483.70	-1242.74	1415.51	-4.41	-1.05	1.95	4.94	1
2.279	-471.48	-490.92	-1244.28	1418.28	-4.44	-0.98	1.94	4.94	1
2.288	-466.91	-492.12	-1241.30	1414.57	-4.46	-0.90	1.91	4.94	1
2.297	-462.61	-501.33	-1242.62	1417.55	-4.48	-0.86	1.89	4.94	1
2.305	-461.96	-505.35	-1241.82	1418.06	-4.50	-0.82	1.89	4.95	1
2.314	-464.61	-516.60	-1243.07	1424.07	-4.51	-0.82	1.90	4.97	1
2.323	-467.63	-528.88	-1247.03	1432.99	-4.53	-0.83	1.92	4.99	1
2.331	-460.05	-541.65	-1252.96	1440.47	-4.57	-0.84	1.90	5.02	1
2.340	-430.60	-572.32	-1266.79	1455.24	-4.62	-0.93	1.82	5.05	1
2.348	-399.34	-597.59	-1280.85	1468.73	-4.68	-1.02	1.73	5.09	1
2.357	-379.84	-616.75	-1289.15	1478.70	-4.72	-1.07	1.67	5.12	1
2.366	-381.47	-623.55	-1291.57	1484.08	-4.76	-1.07	1.67	5.15	1
2.374	-386.69	-627.55	-1294.63	1489.77	-4.80	-1.04	1.68	5.19	1
2.383	-386.41	-635.04	-1298.57	1496.28	-4.84	-1.04	1.66	5.22	1
2.391	-383.52	-644.08	-1303.13	1503.35	-4.88	-1.05	1.63	5.25	1
2.399	-382.40	-643.85	-1303.33	1503.14	-4.93	-1.03	1.62	5.29	1
2.408	-387.16	-629.93	-1298.76	1494.48	-4.98	-0.98	1.63	5.33	1
2.416	-397.21	-624.69	-1298.77	1494.93	-5.01	-1.03	1.68	5.38	1
2.425	-410.86	-630.27	-1302.43	1504.11	-5.03	-1.16	1.75	5.45	1
2.433	-419.87	-639.39	-1306.03	1513.55	-5.06	-1.29	1.83	5.53	1
2.442	-422.11	-640.48	-1302.44	1511.54	-5.09	-1.37	1.88	5.60	1
2.450	-420.14	-646.16	-1298.53	1510.04	-5.14	-1.47	1.91	5.68	1
2.459	-416.46	-668.25	-1300.72	1520.48	-5.18	-1.60	1.93	5.75	1
2.467	-412.55	-701.23	-1307.63	1540.07	-5.21	-1.76	1.97	5.84	1
2.476	-406.68	-740.89	-1319.25	1566.76	-5.23	-1.87	2.02	5.91	1
2.484	-403.63	-756.67	-1324.58	1577.97	-5.27	-1.84	2.02	5.94	1
2.493	-401.68	-767.00	-1326.25	1583.85	-5.32	-1.80	2.00	5.96	1
2.501	-400.93	-774.90	-1330.86	1591.35	-5.35	-1.75	1.98	5.97	1
2.510	-400.88	-772.71	-1329.99	1589.54	-5.39	-1.71	1.96	5.99	1
2.518	-399.84	-770.72	-1330.41	1588.67	-5.43	-1.71	1.95	6.01	1
2.526	-395.81	-773.87	-1331.61	1590.19	-5.45	-1.77	1.97	6.06	1
2.535	-390.45	-771.03	-1330.79	1586.80	-5.48	-1.83	1.99	6.12	1
2.543	-382.46	-775.66	-1332.77	1588.78	-5.51	-1.92	2.05	6.18	1
2.552	-374.23	-782.93	-1330.78	1588.71	-5.53	-2.02	2.08	6.24	1
2.560	-368.71	-792.47	-1330.26	1591.71	-5.55	-2.09	2.14	6.31	1
2.568	-363.92	-803.30	-1327.57	1593.79	-5.58	-2.15	2.17	6.36	1
2.577	-359.40	-812.20	-1324.44	1594.67	-5.59	-2.17	2.19	6.39	1
2.585	-352.19	-830.06	-1322.37	1600.53	-5.61	-2.20	2.18	6.41	1
2.594	-346.80	-841.72	-1319.36	1602.96	-5.61	-2.19	2.17	6.41	1
2.602	-340.80	-861.16	-1318.40	1611.19	-5.60	-2.19	2.17	6.39	1
2.610	-336.05	-871.97	-1312.54	1611.22	-5.58	-2.17	2.13	6.35	1
2.619	-332.71	-870.43	-1304.94	1603.50	-5.55	-2.11	2.09	6.29	1
2.627	-326.40	-872.46	-1298.88	1598.38	-5.50	-2.06	2.06	6.23	1
2.635	-318.65	-872.38	-1289.33	1589.02	-5.46	-2.01	2.01	6.15	1
2.644	-310.25	-870.58	-1279.05	1578.02	-5.40	-1.93	1.97	6.06	1
2.652	-297.44	-882.40	-1270.82	1575.46	-5.31	-1.93	1.95	5.97	1
2.661	-285.27	-885.05	-1255.29	1562.19	-5.22	-1.89	1.88	5.86	1
2.669	-275.64	-883.43	-1241.74	1548.66	-5.12	-1.84	1.83	5.75	1
2.678	-270.90	-873.79	-1224.24	1528.29	-5.02	-1.77	1.76	5.61	1
2.686	-264.16	-884.49	-1213.63	1524.79	-4.91	-1.79	1.72	5.50	1
2.694	-260.48	-891.10	-1206.21	1522.11	-4.82	-1.77	1.70	5.41	1
2.703	-257.91	-895.68	-1196.96	1517.06	-4.73	-1.76	1.64	5.30	1
2.711	-251.72	-908.83	-1193.53	1521.13	-4.63	-1.78	1.61	5.22	1
2.720	-243.77	-920.58	-1191.63	1525.41	-4.52	-1.82	1.57	5.12	1
2.728	-234.62	-929.67	-1187.93	1526.60	-4.43	-1.83	1.53	5.03	1
2.737	-227.55	-938.62	-1175.25	1521.18	-4.35	-1.80	1.48	4.93	1
2.745	-218.20	-954.09	-1161.26	1518.69	-4.26	-1.77	1.43	4.83	1
2.753	-207.99	-953.85	-1147.89	1506.89	-4.17	-1.74	1.36	4.72	1
2.762	-188.47	-955.90	-1143.27	1502.11	-4.04	-1.81	1.32	4.62	1
2.770	-173.09	-947.87	-1139.21	1492.05	-3.91	-1.87	1.27	4.52	1
2.779	-159.25	-957.16	-1134.23	1492.65	-3.78	-1.95	1.27	4.44	1
2.787	-154.75	-957.62	-1124.24	1484.90	-3.67	-1.97	1.25	4.35	1
2.795	-150.05	-968.53	-1113.45	1483.35	-3.54	-2.02	1.26	4.27	1
2.804	-146.35	-971.32	-1100.04	1474.78	-3.41	-2.05	1.26	4.18	1
2.812	-139.17	-978.25	-1089.62	1470.92	-3.25	-2.09	1.27	4.07	1
2.821	-130.00	-982.19	-1081.21	1466.50	-3.09	-2.11	1.28	3.95	1
2.829	-121.95	-981.40	-1069.80	1456.88	-2.92	-2.11	1.23	3.81	1
2.838	-113.01	-988.73	-1054.22	1449.73	-2.76	-2.10	1.18	3.66	1
2.846	-105.91	-999.27	-1040.44	1446.47	-2.60	-2.07	1.16	3.51	1
2.855	-100.42	-1007.06	-1027.49	1442.22	-2.44	-2.02	1.14	3.36	1
2.863	-101.32	-989.53	-1014.97	1421.12	-2.28	-1.92	1.08	3.17	1
2.872	-101.80	-969.98	-1002.56	1398.70	-2.14	-1.85	1.04	3.01	1
2.880	-98.71	-958.38	-990.75	1381.97	-2.01	-1.81	1.00	2.88	1
2.889	-96.06	-951.82	-980.77	1370.07	-1.89	-1.78	1.00	2.78	1
2.898	-100.14	-945.39	-974.59	1361.48	-1.80	-1.75	1.00	2.70	1
2.906	-106.09	-943.29	-970.40	1357.47	-1.72	-1.73	1.01	2.64	1
2.915	-109.24	-945.70	-964.91	1355.48	-1.66	-1.72	1.03	2.60	1
2.923	-108.16	-942.94	-958.71	1349.06	-1.61	-1.70	1.02	2.56	1
2.932	-104.88	-937.44	-952.47	1340.52	-1.58	-1.65	1.01	2.50	1
2.940	-101.49	-931.00	-947.35	1332.12	-1.56	-1.60	1.01	2.45	1
2.949	-97.24	-924.47	-941.10	1322.79	-1.54	-1.55	0.99	2.40	1
2.957	-91.93	-920.59	-932.03	1313.25	-1.52	-1.53	0.98	2.37	1
2.966	-88.45	-908.53	-921.61	1297.15	-1.50	-1.48	0.93	2.31	1
2.975	-83.76	-901.51	-914.03	1286.54	-1.48	-1.45	0.91	2.27	1
2.983	-79.70	-898.50	-909.26	1280.78	-1.46	-1.44	0.91	2.25	1
2.992	-76.42	-899.08	-904.30	1277.48	-1.45	-1.44	0.90	2.23	1
3.000	-79.47	-886.77	-899.27	1265.45	-1.45	-1.40	0.87	2.20	1
3.009	-81.56	-879.50	-894.11	1256.82	-1.46	-1.37	0.87	2.18	1
3.018	-82.42	-877.04	-890.14	1252.33	-1.46	-1.34	0.89	2.17	1
3.026	-83.85	-874.79	-885.37	1247.47	-1.45	-1.33	0.90	2.17	1
3.035	-87.63	-863.33	-879.89	1235.81	-1.45	-1.31	0.90	2.15	1
3.044	-88.08	-856.89	-874.31	1227.37	-1.44	-1.29	0.92	2.14	1
3.052	-86.66	-857.63	-868.91	1223.94	-1.42	-1.29	0.94	2.14	1
3.061	-88.46	-847.56	-862.48	1212.45	-1.42	-1.28	0.94	2.13	1
3.069	-87.74	-840.23	-858.01	1204.10	-1.41	-1.27	0.96	2.13	1
3.078	-85.18	-835.53	-852.53	1196.73	-1.40	-1.27	0.97	2.13	1
3.087	-81.67	-830.25	-847.59	1189.28	-1.38	-1.27	0.98	2.12	1
3.096	-76.62	-832.73	-842.44	1187.02	-1.37	-1.29	1.02	2.14	1
3.104	-73.09	-833.22	-839.63	1185.15	-1.34	-1.29	1.05	2.14	1
3.113	-73.60	-824.07	-837.77	1177.44	-1.34	-1.28	1.06	2.13	1
3.122	-71.22	-825.83	-834.99	1176.55	-1.33	-1.30	1.09	2.16	1
3.130	-69.72	-825.99	-833.45	1175.48	-1.32	-1.31	1.11	2.17	1
3.139	-73.25	-815.70	-833.36	1168.43	-1.32	-1.29	1.11	2.15	1
3.148	-74.97	-813.96	-831.78	1166.19	-1.32	-1.30	1.11	2.16	1
3.157	-77.14	-810.63	-832.09	1164.24	-1.30	-1.29	1.12	2.15	1
3.165	-82.36	-799.36	-833.55	1157.82	-1.29	-1.26	1.11	2.12	1
3.174	-85.95	-794.13	-833.74	1154.62	-1.27	-1.25	1.11	2.10	1
3.183	-87.96	-786.32	-835.12	1150.42	-1.24	-1.24	1.09	2.07	1
3.191	-90.14	-778.54	-836.86	1146.56	-1.23	-1.24	1.07	2.05	1
3.200	-91.83	-776.17	-837.15	1145.29	-1.21	-1.26	1.07	2.05	1
3.209	-91.00	-781.48	-837.75	1149.27	-1.18	-1.28	1.09	2.06	1
3.218	-92.17	-785.26	-838.16	1152.23	-1.17	-1.30	1.11	2.07	1
3.226	-94.21	-788.28	-836.65	1153.37	-1.15	-1.31	1.12	2.07	1
3.235	-96.72	-783.48	-837.31	1150.77	-1.14	-1.29	1.13	2.06	1
3.244	-98.55	-777.56	-836.71	1146.48	-1.13	-1.27	1.13	2.04	1
3.252	-99.43	-771.37	-836.13	1141.94	-1.14	-1.25	1.13	2.03	1
3.261	-99.20	-765.06	-836.63	1138.03	-1.16	-1.22	1.13	2.02	1
3.270	-98.31	-761.88	-834.84	1134.50	-1.20	-1.21	1.13	2.04	1
3.278	-96.33	-762.78	-832.02	1132.86	-1.24	-1.21	1.13	2.07	1
3.287	-93.08	-764.96	-829.76	1132.40	-1.28	-1.18	1.13	2.07	1
3.296	-93.04	-761.50	-828.34	1129.02	-1.32	-1.13	1.11	2.07	1
3.305	-92.89	-761.01	-825.71	1126.75	-1.33	-1.10	1.09	2.04	1
3.313	-89.59	-767.43	-820.81	1127.26	-1.30	-1.11	1.07	2.02	1
3.322	-88.18	-767.25	-817.92	1124.92	-1.26	-1.10	1.06	1.98	1
3.331	-86.97	-762.93	-815.83	1120.36	-1.19	-1.06	1.04	1.90	1
3.340	-88.90	-749.50	-814.05	1110.10	-1.14	-0.99	1.00	1.81	1
3.348	-89.57	-740.62	-810.37	1101.47	-1.09	-0.93	0.95	1.72	1
3.357	-92.22	-728.91	-806.24	1090.80	-1.04	-0.88	0.90	1.63	1
3.366	-94.42	-718.25	-800.95	1079.96	-1.00	-0.84	0.85	1.56	1
3.375	-92.20	-716.84	-793.88	1073.60	-0.95	-0.80	0.82	1.49	1
3.384	-90.71	-709.00	-785.72	1062.20	-0.91	-0.76	0.79	1.43	1
3.392	-89.22	-698.97	-776.63	1048.65	-0.89	-0.71	0.74	1.36	1
3.401	-87.22	-688.60	-767.20	1034.59	-0.89	-0.66	0.71	1.32	1
3.410	-86.47	-672.72	-756.38	1015.94	-0.88	-0.62	0.66	1.26	1
3.419	-80.10	-672.12	-743.91	1005.76	-0.87	-0.60	0.66	1.24	1
3.428	-77.08	-665.15	-732.88	992.71	-0.86	-0.58	0.64	1.22	1
3.437	-76.52	-653.00	-723.23	977.41	-0.87	-0.52	0.61	1.19	1
3.446	-71.18	-652.08	-711.69	967.87	-0.86	-0.52	0.61	1.17	1
3.455	-67.62	-648.25	-700.01	956.46	-0.85	-0.52	0.60	1.16	1
3.464	-65.87	-640.17	-690.14	943.63	-0.83	-0.50	0.58	1.13	1
3.473	-59.13	-642.48	-677.47	935.55	-0.79	-0.54	0.58	1.11	1
3.482	-53.58	-642.58	-665.03	926.31	-0.75	-0.56	0.58	1.10	1
3.491	-50.93	-635.27	-652.66	912.21	-0.71	-0.57	0.56	1.07	1
3.500	-49.41	-625.40	-640.84	896.80	-0.69	-0.57	0.55	1.05	1
3.509	-47.33	-615.52	-628.39	880.90	-0.65	-0.55	0.55	1.02	1
3.518	-48.10	-600.70	-618.68	863.67	-0.63	-0.52	0.54	0.98	1
3.527	-49.01	-585.25	-609.19	846.19	-0.61	-0.48	0.52	0.93	1
3.536	-47.33	-575.35	-599.91	832.56	-0.59	-0.47	0.52	0.91	1
3.545	-47.82	-562.38	-592.27	818.13	-0.56	-0.45	0.48	0.86	1
3.555	-44.97	-560.56	-585.56	811.87	-0.53	-0.45	0.47	0.84	1
3.564	-44.19	-557.02	-580.67	805.85	-0.50	-0.45	0.44	0.81	1
3.573	-44.74	-554.37	-578.12	802.22	-0.48	-0.45	0.41	0.78	1
3.582	-43.64	-559.00	-578.93	805.94	-0.45	-0.46	0.41	0.76	1
3.591	-42.37	-566.41	-581.96	813.20	-0.41	-0.48	0.39	0.75	1
3.601	-43.99	-570.55	-586.74	819.59	-0.37	-0.50	0.38	0.73	1
3.610	-43.21	-581.76	-593.19	831.98	-0.32	-0.53	0.37	0.72	1
3.619	-44.35	-590.41	-600.36	843.20	-0.29	-0.55	0.36	0.72	1
3.628	-46.21	-597.39	-609.47	854.67	-0.24	-0.57	0.34	0.71	1
3.637	-45.85	-611.14	-620.65	872.24	-0.20	-0.59	0.34	0.71	1
3.646	-49.60	-618.31	-633.31	886.48	-0.16	-0.59	0.34	0.70	1
3.655	-55.13	-622.15	-646.96	899.26	-0.13	-0.59	0.31	0.68	1
3.664	-57.34	-636.03	-659.74	918.19	-0.10	-0.63	0.30	0.70	1
3.673	-58.33	-654.07	-672.77	940.12	-0.04	-0.68	0.30	0.75	1
3.682	-57.49	-675.14	-685.16	963.61	0.00	-0.74	0.29	0.80	1
3.691	-60.56	-684.06	-697.81	979.05	0.04	-0.79	0.27	0.83	1
3.700	-62.98	-688.77	-712.49	992.99	0.06	-0.79	0.24	0.83	1
3.709	-64.60	-693.80	-726.40	1006.57	0.09	-0.80	0.20	0.83	1
3.718	-66.33	-698.62	-743.48	1022.37	0.11	-0.80	0.19	0.83	1
3.727	-69.10	-701.03	-759.62	1035.97	0.13	-0.81	0.16	0.83	1
3.736	-68.51	-713.73	-775.13	1055.91	0.17	-0.83	0.16	0.86	1
3.744	-67.72	-729.24	-789.87	1077.16	0.21	-0.87	0.16	0.91	1
3.753	-72.61	-732.40	-805.71	1091.26	0.24	-0.86	0.15	0.91	1
3.762	-79.71	-732.14	-820.16	1102.29	0.27	-0.87	0.14	0.92	1
3.771	-83.92	-732.91	-831.35	1111.46	0.30	-0.88	0.12	0.94	1
3.780	-80.92	-737.51	-839.93	1120.69	0.33	-0.90	0.10	0.97	1
3.788	-80.06	-732.45	-847.79	1123.23	0.35	-0.88	0.05	0.95	1
3.797	-79.85	-730.40	-856.90	1128.77	0.38	-0.88	0.01	0.96	1
3.806	-84.12	-726.79	-868.37	1135.50	0.40	-0.87	-0.01	0.96	1
3.814	-92.09	-721.92	-874.14	1137.44	0.43	-0.86	-0.04	0.97	1
3.823	-99.97	-726.56	-877.51	1143.64	0.46	-0.87	-0.05	0.99	1
3.832	-107.22	-725.40	-881.86	1146.90	0.50	-0.86	-0.06	1.00	1
3.841	-110.96	-716.03	-886.89	1145.25	0.53	-0.84	-0.08	1.00	1
3.849	-110.85	-718.30	-892.66	1151.12	0.59	-0.85	-0.08	1.04	1
3.858	-117.40	-723.73	-895.02	1156.99	0.64	-0.86	-0.07	1.07	1
3.867	-129.72	-725.94	-893.10	1158.20	0.65	-0.87	-0.10	1.09	1
3.875	-138.96	-715.89	-896.74	1155.83	0.67	-0.81	-0.13	1.06	1
3.884	-143.08	-695.06	-904.54	1149.69	0.69	-0.75	-0.19	1.04	1
3.893	-140.79	-685.87	-914.51	1151.77	0.72	-0.70	-0.22	1.03	1
3.901	-141.73	-675.34	-917.43	1147.98	0.72	-0.63	-0.27	1.00	1
3.910	-142.32	-671.60	-917.11	1145.60	0.73	-0.59	-0.31	0.99	1
3.919	-143.28	-666.76	-919.22	1144.58	0.74	-0.52	-0.32	0.97	1
3.928	-145.95	-654.13	-918.89	1137.34	0.76	-0.45	-0.35	0.95	1
3.936	-145.83	-647.92	-917.27	1132.45	0.78	-0.41	-0.37	0.96	1
3.945	-149.53	-627.66	-913.19	1118.14	0.79	-0.30	-0.38	0.93	1
3.954	-154.44	-598.86	-906.45	1097.33	0.79	-0.17	-0.41	0.90	1
3.963	-157.61	-575.70	-900.57	1080.41	0.79	-0.05	-0.43	0.90	1
3.971	-160.22	-559.09	-895.22	1067.55	0.80	0.03	-0.46	0.92	1
3.980	-163.36	-550.40	-893.04	1061.67	0.82	0.08	-0.49	0.96	1
3.989	-166.84	-549.28	-894.13	1062.55	0.84	0.08	-0.53	1.00	1
3.998	-171.85	-549.91	-898.12	1067.03	0.88	0.09	-0.56	1.05	1
4.007	-177.89	-550.84	-903.98	1073.43	0.93	0.09	-0.57	1.09	1
4.015	-182.71	-551.82	-910.05	1079.85	0.99	0.09	-0.60	1.16	1
4.024	-186.62	-551.24	-917.27	1086.31	1.04	0.10	-0.63	1.21	1
4.033	-190.56	-546.15	-925.50	1091.39	1.07	0.15	-0.65	1.27	1
4.042	-194.00	-543.45	-935.34	1099.01	1.10	0.21	-0.70	1.32	1
4.050	-197.73	-538.55	-945.53	1105.96	1.12	0.29	-0.74	1.37	1
4.059	-202.93	-536.84	-957.29	1116.14	1.11	0.35	-0.79	1.41	1
4.068	-209.64	-530.27	-968.36	1123.77	1.10	0.44	-0.83	1.44	1
4.077	-215.02	-530.17	-978.68	1133.63	1.09	0.49	-0.87	1.48	1
4.085	-220.85	-524.77	-989.97	1142.01	1.09	0.56	-0.89	1.51	1
4.094	-227.23	-522.44	-998.33	1149.45	1.11	0.58	-0.94	1.57	1
4.103	-233.93	-518.00	-1009.98	1158.92	1.17	0.58	-0.95	1.62	1
4.111	-239.22	-516.99	-1021.13	1169.27	1.25	0.58	-0.97	1.68	1
4.120	-243.30	-518.14	-1032.45	1180.52	1.34	0.54	-0.98	1.74	1
4.128	-245.70	-521.83	-1043.20	1192.03	1.42	0.52	-0.99	1.81	1
4.137	-248.62	-516.99	-1048.54	1195.21	1.47	0.54	-1.04	1.88	1
4.146	-252.12	-506.02	-1052.53	1194.75	1.50	0.61	-1.08	1.94	1
4.154	-255.86	-497.04	-1056.91	1195.64	1.49	0.70	-1.09	1.98	1
4.163	-261.01	-481.70	-1058.04	1191.47	1.48	0.81	-1.13	2.03	1
4.171	-266.41	-462.14	-1057.03	1184.01	1.48	0.93	-1.14	2.09	1
4.180	-272.19	-441.97	-1056.21	1176.86	1.50	1.01	-1.15	2.14	1
4.188	-276.84	-426.90	-1055.90	1172.09	1.56	1.05	-1.12	2.19	1
4.197	-280.94	-412.69	-1053.51	1165.81	1.64	1.04	-1.12	2.24	1
4.206	-284.13	-397.37	-1047.75	1156.03	1.72	1.02	-1.14	2.30	1
4.214	-285.94	-390.55	-1047.02	1153.49	1.78	1.02	-1.16	2.36	1
4.223	-286.84	-381.14	-1049.04	1152.40	1.84	1.02	-1.14	2.39	1
4.231	-285.43	-362.18	-1045.46	1142.64	1.88	1.08	-1.12	2.45	1
4.240	-282.55	-341.30	-1038.84	1129.38	1.92	1.15	-1.13	2.50	1
4.249	-281.00	-314.87	-1027.61	1110.89	1.95	1.24	-1.15	2.58	1
4.257	-281.24	-290.29	-1016.83	1094.21	1.97	1.30	-1.15	2.63	1
4.266	-280.49	-270.20	-1007.02	1079.71	2.01	1.34	-1.13	2.66	1
4.275	-272.87	-259.77	-993.68	1062.71	2.03	1.36	-1.13	2.69	1
4.283	-260.86	-262.52	-984.86	1052.10	2.07	1.35	-1.10	2.71	1
4.292	-249.89	-258.97	-969.90	1034.51	2.12	1.35	-1.10	2.74	1
4.301	-248.31	-244.60	-958.82	1020.21	2.18	1.37	-1.07	2.79	1
4.309	-250.69	-224.87	-947.46	1005.53	2.25	1.36	-1.04	2.83	1
4.318	-251.98	-201.18	-930.31	984.60	2.30	1.38	-1.05	2.88	1
4.327	-250.10	-185.42	-915.30	966.80	2.35	1.37	-1.05	2.91	1
4.336	-246.92	-171.32	-901.42	950.20	2.37	1.37	-1.06	2.94	1
4.345	-242.84	-156.30	-888.59	934.35	2.38	1.39	-1.03	2.94	1
4.353	-238.15	-143.06	-876.86	919.82	2.36	1.43	-1.02	2.94	1
4.362	-232.76	-131.97	-867.21	907.55	2.34	1.47	-0.98	2.94	1
4.371	-227.92	-121.47	-857.78	895.81	2.31	1.53	-0.96	2.93	1
4.380	-225.22	-118.05	-849.42	886.67	2.28	1.56	-0.93	2.91	1
4.389	-223.01	-110.14	-839.23	875.32	2.27	1.60	-0.91	2.92	1
4.398	-220.75	-96.42	-827.22	861.58	2.27	1.65	-0.89	2.94	1
4.407	-220.06	-88.70	-817.51	851.25	2.27	1.67	-0.87	2.95	1
4.416	-217.34	-74.67	-804.94	837.11	2.27	1.70	-0.83	2.95	1
4.424	-215.03	-62.00	-791.70	822.72	2.29	1.70	-0.80	2.97	1
4.433	-211.16	-49.43	-777.58	807.26	2.31	1.70	-0.77	2.97	1
4.442	-206.92	-41.82	-765.50	794.07	2.33	1.68	-0.73	2.96	1
4.451	-203.37	-41.18	-755.25	783.23	2.35	1.62	-0.71	2.94	1
4.460	-199.89	-35.53	-741.71	768.99	2.36	1.59	-0.68	2.93	1
4.469	-196.30	-24.18	-724.49	751.00	2.37	1.57	-0.66	2.91	1
4.479	-193.28	-11.47	-707.74	733.75	2.37	1.55	-0.63	2.89	1
4.488	-191.59	-3.02	-690.88	716.96	2.36	1.51	-0.61	2.87	1
4.497	-189.66	6.05	-671.49	697.79	2.36	1.48	-0.61	2.85	1
4.506	-185.28	20.43	-648.96	675.20	2.36	1.48	-0.59	2.85	1
4.515	-181.66	17.57	-635.49	661.18	2.34	1.40	-0.58	2.79	1
4.524	-171.89	33.43	-609.36	634.02	2.34	1.41	-0.52	2.78	1
4.534	-163.28	40.46	-588.00	611.59	2.31	1.39	-0.47	2.74	1
4.543	-156.35	44.91	-565.60	588.53	2.28	1.36	-0.45	2.70	1
4.552	-149.03	52.09	-541.69	564.23	2.24	1.35	-0.41	2.64	1
4.562	-140.57	59.72	-519.69	541.66	2.20	1.34	-0.37	2.60	1
4.571	-136.43	53.84	-508.27	529.01	2.15	1.26	-0.35	2.52	1
4.581	-137.11	57.68	-494.27	516.17	2.13	1.20	-0.34	2.46	1
4.590	-141.45	50.78	-488.25	510.85	2.09	1.11	-0.35	2.39	1
4.599	-140.51	56.18	-474.70	498.23	2.08	1.06	-0.34	2.36	1
4.609	-137.26	52.20	-470.08	492.49	2.07	0.99	-0.32	2.31	1
4.618	-130.82	42.67	-467.29	487.13	2.04	0.91	-0.30	2.25	1
4.628	-120.13	42.31	-456.80	474.22	2.02	0.89	-0.24	2.22	1
4.638	-112.05	44.11	-442.96	459.03	1.99	0.87	-0.21	2.18	1
4.647	-107.53	46.97	-427.12	442.95	1.94	0.85	-0.19	2.12	1
4.657	-105.52	51.27	-411.89	428.27	1.89	0.82	-0.15	2.06	1
4.666	-105.38	52.61	-395.27	412.44	1.83	0.81	-0.15	2.01	1
4.676	-105.35	54.50	-377.99	396.17	1.77	0.80	-0.16	1.95	1
4.686	-102.77	60.10	-358.81	378.05	1.70	0.81	-0.14	1.89	1
4.695	-99.10	62.73	-343.90	363.35	1.63	0.81	-0.11	1.82	1
4.705	-94.30	63.84	-330.96	350.01	1.56	0.80	-0.09	1.75	1
4.715	-86.94	72.75	-312.94	332.84	1.50	0.80	-0.03	1.70	1
4.725	-80.29	82.55	-294.72	316.41	1.45	0.80	0.02	1.66	1
4.734	-77.65	84.24	-283.81	306.06	1.39	0.75	0.04	1.58	1
4.744	-75.47	83.20	-273.24	295.43	1.34	0.69	0.05	1.51	1
4.754	-73.25	79.94	-263.02	284.49	1.29	0.62	0.06	1.43	1
4.764	-72.13	69.84	-257.07	275.98	1.23	0.53	0.03	1.34	1
4.774	-70.87	58.48	-254.28	270.37	1.17	0.44	0.00	1.25	1
4.784	-68.47	52.81	-249.63	264.18	1.12	0.37	0.01	1.18	1
4.793	-65.63	51.38	-238.25	252.41	1.07	0.32	0.03	1.11	1
4.803	-63.62	47.55	-226.82	240.32	1.02	0.26	0.01	1.05	1
4.813	-60.79	48.79	-213.55	227.33	0.96	0.21	0.03	0.99	1
4.823	-57.30	49.59	-199.81	213.70	0.92	0.16	0.03	0.93	1
4.833	-54.94	50.11	-185.24	199.61	0.85	0.13	0.03	0.86	1
4.843	-51.27	54.31	-167.13	183.06	0.78	0.10	0.05	0.79	1
4.853	-46.94	57.19	-151.47	168.58	0.72	0.05	0.08	0.73	1
4.863	-43.88	53.97	-142.17	158.27	0.65	-0.00	0.08	0.65	1
4.873	-42.95	46.69	-139.09	152.87	0.55	-0.07	0.07	0.56	1
4.883	-42.83	37.83	-137.11	148.54	0.47	-0.14	0.04	0.50	1
4.893	-42.53	31.28	-130.14	140.44	0.41	-0.18	0.02	0.44	1
4.903	-43.71	19.51	-128.52	137.15	0.34	-0.23	-0.03	0.42	1
4.914	-45.57	6.10	-135.17	142.77	0.27	-0.29	-0.07	0.40	1
4.924	-46.30	-5.92	-139.93	147.51	0.21	-0.35	-0.10	0.43	1
4.934	-45.93	-12.33	-138.01	145.98	0.16	-0.38	-0.13	0.43	1
4.944	-46.01	-16.11	-133.06	141.71	0.13	-0.40	-0.14	0.44	1
4.954	-46.09	-23.11	-137.98	147.30	0.07	-0.45	-0.14	0.47	1
4.964	-45.24	-27.87	-138.99	148.80	0.04	-0.46	-0.14	0.49	1
4.974	-45.01	-31.89	-136.51	147.23	0.01	-0.48	-0.14	0.50	1
4.984	-46.13	-41.13	-147.65	160.07	-0.01	-0.53	-0.15	0.55	1
4.995	-45.46	-43.92	-145.41	158.56	-0.03	-0.53	-0.15	0.55	1
5.005	-45.52	-50.31	-152.64	167.04	-0.05	-0.56	-0.15	0.58	1
5.015	-44.99	-51.87	-148.93	164.00	-0.06	-0.55	-0.14	0.57	1
5.025	-45.31	-57.31	-155.29	171.62	-0.08	-0.58	-0.16	0.60	1
5.035	-45.75	-60.10	-153.83	171.37	-0.10	-0.58	-0.15	0.60	1
5.046	-47.64	-66.84	-161.14	180.84	-0.12	-0.61	-0.17	0.64	1
5.056	-47.76	-68.64	-155.00	176.11	-0.11	-0.58	-0.18	0.62	1
5.066	-47.31	-70.69	-155.75	177.47	-0.12	-0.59	-0.17	0.62	1
5.076	-46.67	-70.72	-153.35	175.20	-0.12	-0.59	-0.15	0.62	1
5.086	-47.33	-73.75	-153.21	176.50	-0.13	-0.58	-0.16	0.62	1
5.096	-47.40	-74.95	-150.73	174.88	-0.14	-0.58	-0.16	0.62	1
5.107	-47.81	-75.54	-143.08	168.71	-0.15	-0.56	-0.18	0.61	1
5.117	-48.92	-80.59	-147.79	175.30	-0.17	-0.57	-0.20	0.63	1
5.127	-48.32	-81.04	-145.98	173.82	-0.19	-0.58	-0.19	0.63	1
5.137	-48.46	-82.46	-143.80	172.70	-0.20	-0.57	-0.20	0.63	1
5.148	-48.92	-84.19	-144.13	173.94	-0.21	-0.58	-0.21	0.65	1
5.158	-47.17	-80.09	-137.59	166.04	-0.22	-0.56	-0.17	0.62	1
5.168	-45.55	-76.23	-126.92	154.90	-0.21	-0.53	-0.15	0.59	1
5.178	-44.86	-74.33	-125.10	152.28	-0.22	-0.52	-0.14	0.58	1
5.188	-44.70	-73.26	-125.33	151.90	-0.23	-0.53	-0.11	0.59	1
5.199	-45.48	-74.93	-124.70	152.42	-0.24	-0.53	-0.12	0.60	1
5.209	-46.88	-78.99	-126.83	156.60	-0.25	-0.53	-0.14	0.61	1
5.219	-46.72	-78.54	-127.71	157.04	-0.26	-0.55	-0.14	0.62	1
5.229	-46.49	-77.17	-127.98	156.50	-0.26	-0.56	-0.13	0.63	1
5.240	-45.28	-73.20	-120.19	147.83	-0.25	-0.54	-0.12	0.60	1
5.250	-44.53	-69.52	-111.71	138.91	-0.23	-0.51	-0.12	0.58	1
5.260	-46.22	-71.32	-117.32	144.87	-0.25	-0.54	-0.14	0.61	1
5.270	-47.36	-73.35	-125.69	153.04	-0.25	-0.57	-0.15	0.64	1
5.280	-46.39	-68.31	-125.36	150.11	-0.24	-0.56	-0.12	0.63	1
5.291	-45.59	-60.55	-118.06	140.29	-0.24	-0.53	-0.11	0.59	1
5.301	-46.79	-57.67	-122.57	143.31	-0.25	-0.53	-0.09	0.59	1
5.311	-47.80	-56.56	-133.93	153.04	-0.27	-0.56	-0.08	0.62	1
5.321	-47.53	-50.30	-132.88	149.82	-0.26	-0.52	-0.07	0.59	1
5.332	-48.92	-48.11	-138.04	154.16	-0.28	-0.50	-0.07	0.58	1
5.342	-50.58	-45.05	-146.15	161.09	-0.29	-0.49	-0.07	0.58	1
5.352	-53.41	-41.54	-152.32	166.67	-0.31	-0.48	-0.07	0.58	1
5.362	-56.32	-40.84	-166.16	180.14	-0.33	-0.48	-0.09	0.59	1
5.372	-60.03	-38.33	-177.16	190.94	-0.34	-0.48	-0.10	0.60	1
5.382	-62.73	-32.64	-188.23	201.07	-0.38	-0.47	-0.08	0.61	1
5.392	-65.54	-25.07	-196.37	208.53	-0.40	-0.46	-0.08	0.61	1
5.403	-68.32	-13.20	-196.23	208.20	-0.42	-0.41	-0.06	0.59	1
5.413	-71.33	0.51	-194.05	206.75	-0.45	-0.36	-0.04	0.58	1
5.423	-74.34	11.34	-202.16	215.70	-0.51	-0.34	-0.02	0.61	1
5.433	-76.88	20.95	-215.03	229.32	-0.57	-0.35	0.02	0.67	1
5.443	-80.62	27.52	-233.43	248.48	-0.65	-0.38	0.04	0.75	1
5.453	-85.81	29.17	-261.32	276.59	-0.74	-0.44	0.06	0.86	1
5.463	-91.54	30.46	-287.51	303.27	-0.83	-0.51	0.07	0.98	1
5.472	-95.17	39.70	-298.86	316.15	-0.92	-0.52	0.09	1.06	1
5.482	-101.03	42.22	-319.90	338.12	-1.01	-0.57	0.11	1.16	1
5.492	-107.11	46.18	-338.44	357.98	-1.10	-0.63	0.12	1.27	1
5.502	-113.54	47.92	-359.72	380.25	-1.19	-0.70	0.13	1.39	1
5.512	-117.72	60.24	-367.32	390.39	-1.25	-0.72	0.18	1.45	1
5.522	-125.44	67.24	-385.04	410.51	-1.34	-0.78	0.21	1.56	1
5.532	-133.98	73.01	-407.20	434.85	-1.43	-0.85	0.24	1.68	1
5.541	-142.99	77.95	-431.67	461.37	-1.52	-0.94	0.25	1.80	1
5.551	-151.10	84.89	-450.31	482.51	-1.60	-0.99	0.27	1.90	1
5.561	-160.40	89.43	-472.25	506.70	-1.69	-1.06	0.28	2.01	1
5.571	-171.39	89.88	-496.21	532.61	-1.78	-1.12	0.30	2.13	1
5.580	-182.45	93.32	-517.50	556.60	-1.89	-1.17	0.35	2.25	1
5.590	-193.02	92.74	-535.68	576.90	-1.99	-1.22	0.38	2.36	1
5.599	-198.94	91.65	-556.34	597.91	-2.12	-1.23	0.40	2.48	1
5.609	-203.03	85.20	-588.37	628.22	-2.26	-1.27	0.43	2.63	1
5.618	-208.51	83.61	-614.37	654.16	-2.39	-1.29	0.48	2.76	1
5.628	-215.64	86.48	-632.25	673.59	-2.50	-1.29	0.55	2.87	1
5.637	-223.04	91.75	-649.58	692.91	-2.62	-1.29	0.65	2.99	1
5.647	-231.33	91.56	-673.10	717.61	-2.74	-1.31	0.73	3.12	1
5.656	-241.37	85.04	-703.53	748.63	-2.87	-1.35	0.80	3.27	1
5.666	-250.78	80.19	-729.73	775.78	-2.99	-1.36	0.85	3.39	1
5.675	-262.24	71.73	-760.09	807.25	-3.12	-1.39	0.92	3.54	1
5.684	-272.17	73.40	-781.52	830.81	-3.24	-1.36	0.99	3.65	1
5.694	-282.23	68.41	-805.89	856.62	-3.36	-1.36	1.06	3.78	1
5.703	-291.53	57.46	-833.84	885.20	-3.50	-1.38	1.12	3.93	1
5.712	-300.85	38.95	-865.20	916.84	-3.64	-1.42	1.17	4.08	1
5.721	-310.10	14.13	-897.58	949.74	-3.77	-1.49	1.22	4.23	1
5.731	-317.34	-0.18	-917.50	970.83	-3.89	-1.48	1.28	4.36	1
5.740	-323.55	-14.45	-934.45	988.99	-4.00	-1.47	1.34	4.46	1
5.749	-329.30	-36.68	-954.90	1010.75	-4.11	-1.47	1.38	4.58	1
5.758	-334.14	-55.00	-972.38	1029.66	-4.20	-1.47	1.43	4.68	1
5.767	-338.20	-78.84	-992.78	1051.76	-4.28	-1.50	1.47	4.77	1
5.776	-339.29	-94.24	-1007.34	1067.11	-4.36	-1.50	1.50	4.85	1
5.786	-340.65	-117.83	-1024.55	1086.10	-4.44	-1.50	1.54	4.93	1
5.795	-348.08	-141.59	-1039.90	1105.71	-4.50	-1.52	1.58	5.01	1
5.804	-360.81	-159.43	-1050.77	1122.37	-4.57	-1.51	1.67	5.09	1
5.813	-372.42	-177.84	-1061.71	1139.10	-4.63	-1.48	1.76	5.17	1
5.822	-377.79	-191.61	-1068.21	1149.14	-4.70	-1.41	1.79	5.22	1
5.831	-381.83	-206.85	-1077.21	1161.45	-4.78	-1.35	1.82	5.29	1
5.840	-387.78	-217.93	-1084.29	1171.99	-4.86	-1.28	1.85	5.36	1
5.849	-394.38	-225.52	-1089.88	1180.78	-4.93	-1.22	1.90	5.42	1
5.858	-399.71	-241.10	-1099.52	1194.50	-5.00	-1.20	1.94	5.49	1
5.867	-401.96	-260.62	-1108.48	1207.57	-5.05	-1.19	1.95	5.55	1
5.876	-400.70	-276.59	-1112.08	1214.00	-5.10	-1.20	1.95	5.59	1
5.885	-397.85	-288.70	-1111.22	1215.09	-5.14	-1.18	1.96	5.62	1
5.894	-396.01	-302.00	-1111.03	1217.54	-5.17	-1.13	1.95	5.63	1
5.903	-396.46	-323.22	-1114.28	1226.07	-5.18	-1.07	1.93	5.63	1
5.912	-397.03	-339.37	-1114.85	1231.14	-5.20	-1.01	1.91	5.63	1
5.921	-395.55	-360.04	-1117.40	1238.82	-5.20	-0.99	1.90	5.63	1
5.930	-393.99	-388.37	-1122.88	1251.77	-5.20	-1.04	1.90	5.64	1
5.939	-394.73	-410.60	-1125.17	1261.11	-5.21	-1.09	1.89	5.65	1
5.948	-397.06	-417.00	-1125.07	1263.85	-5.24	-1.07	1.91	5.68	1
5.957	-399.95	-431.60	-1130.62	1274.57	-5.26	-1.08	1.93	5.70	1
5.966	-401.30	-446.30	-1136.68	1285.40	-5.28	-1.10	1.95	5.73	1
5.975	-401.86	-467.89	-1147.47	1302.73	-5.29	-1.12	1.98	5.76	1
5.983	-401.38	-479.56	-1154.02	1312.58	-5.30	-1.09	2.01	5.77	1
5.992	-401.12	-507.04	-1162.41	1330.11	-5.31	-1.09	2.00	5.78	1
6.001	-400.73	-516.96	-1164.04	1335.22	-5.31	-0.98	1.99	5.76	1
6.010	-399.03	-515.89	-1162.92	1333.33	-5.30	-0.85	1.98	5.72	1
6.019	-395.27	-512.59	-1161.65	1329.82	-5.31	-0.73	1.96	5.70	1
6.028	-391.49	-515.26	-1162.71	1330.66	-5.32	-0.65	1.94	5.70	1
6.036	-390.42	-523.50	-1164.72	1335.31	-5.35	-0.63	1.91	5.72	1
6.045	-390.15	-533.50	-1165.57	1339.93	-5.37	-0.62	1.90	5.73	1
6.054	-386.05	-540.25	-1166.16	1341.95	-5.39	-0.61	1.87	5.74	1
6.063	-373.89	-556.00	-1170.85	1349.01	-5.43	-0.67	1.81	5.76	1
6.071	-358.35	-565.28	-1175.74	1352.90	-5.47	-0.69	1.76	5.79	1
6.080	-336.47	-578.75	-1180.24	1356.88	-5.52	-0.76	1.70	5.83	1
6.089	-316.48	-598.05	-1181.95	1361.92	-5.55	-0.87	1.65	5.86	1
6.098	-306.80	-616.93	-1181.04	1367.32	-5.59	-0.99	1.63	5.91	1
6.106	-304.51	-635.65	-1182.32	1376.46	-5.62	-1.10	1.65	5.96	1
6.115	-302.41	-657.12	-1184.04	1387.52	-5.65	-1.18	1.68	6.01	1
6.124	-297.28	-679.32	-1185.18	1398.03	-5.68	-1.24	1.68	6.05	1
6.132	-293.57	-700.64	-1190.59	1412.30	-5.70	-1.28	1.67	6.07	1
6.141	-292.31	-721.78	-1195.77	1426.98	-5.72	-1.29	1.68	6.10	1
6.150	-290.96	-739.93	-1198.15	1437.96	-5.72	-1.31	1.67	6.10	1
6.158	-286.82	-754.62	-1198.90	1445.37	-5.73	-1.33	1.65	6.11	1
6.167	-283.09	-760.93	-1200.27	1449.07	-5.72	-1.32	1.67	6.11	1
6.176	-291.40	-742.77	-1197.09	1438.63	-5.73	-1.29	1.71	6.12	1
6.184	-306.52	-717.96	-1193.47	1426.11	-5.76	-1.27	1.76	6.16	1
6.193	-316.51	-706.94	-1190.65	1420.42	-5.78	-1.31	1.83	6.20	1
6.201	-314.58	-703.13	-1186.08	1414.26	-5.80	-1.41	1.89	6.27	1
6.210	-305.22	-707.07	-1179.32	1408.51	-5.84	-1.54	1.96	6.35	1
6.219	-293.95	-728.48	-1174.20	1412.74	-5.85	-1.75	2.03	6.43	1
6.227	-285.92	-743.91	-1168.68	1414.55	-5.87	-1.90	2.10	6.52	1
6.236	-277.15	-761.59	-1162.08	1416.78	-5.88	-2.03	2.15	6.58	1
6.245	-269.29	-776.76	-1158.84	1420.84	-5.92	-2.09	2.18	6.64	1
6.253	-263.13	-789.24	-1156.63	1424.76	-5.94	-2.12	2.20	6.68	1
6.262	-257.86	-803.27	-1156.35	1431.39	-5.95	-2.14	2.19	6.69	1
6.271	-255.38	-811.72	-1156.89	1436.15	-5.95	-2.13	2.19	6.69	1
6.279	-254.27	-818.60	-1157.59	1440.40	-5.95	-2.11	2.17	6.67	1
6.288	-250.42	-841.12	-1157.72	1452.75	-5.91	-2.14	2.13	6.63	1
6.296	-244.90	-867.55	-1159.35	1468.57	-5.84	-2.18	2.11	6.58	1
6.305	-239.34	-885.30	-1156.33	1475.85	-5.76	-2.20	2.07	6.50	1
6.314	-233.67	-897.27	-1152.10	1478.86	-5.66	-2.20	2.03	6.40	1
6.322	-231.51	-892.43	-1144.50	1469.66	-5.56	-2.17	1.96	6.28	1
6.331	-228.21	-885.43	-1135.80	1458.12	-5.46	-2.12	1.89	6.15	1
6.339	-222.45	-880.11	-1128.12	1448.02	-5.36	-2.08	1.83	6.03	1
6.348	-212.53	-891.67	-1121.40	1448.38	-5.26	-2.10	1.81	5.95	1
6.357	-205.21	-905.14	-1115.37	1451.02	-5.18	-2.13	1.80	5.88	1
6.365	-204.27	-908.69	-1109.47	1448.57	-5.12	-2.14	1.79	5.83	1
6.374	-207.55	-899.55	-1102.69	1438.12	-5.08	-2.08	1.79	5.77	1
6.382	-209.41	-898.67	-1098.52	1434.65	-5.03	-2.06	1.80	5.72	1
6.391	-208.47	-909.87	-1094.90	1438.80	-4.96	-2.07	1.81	5.67	1
6.399	-204.02	-932.37	-1095.54	1452.98	-4.87	-2.11	1.84	5.61	1
6.408	-199.33	-959.98	-1094.52	1469.44	-4.75	-2.15	1.85	5.54	1
6.417	-194.23	-993.53	-1087.81	1485.99	-4.65	-2.16	1.84	5.44	1
6.425	-188.79	-1022.30	-1078.82	1498.19	-4.52	-2.17	1.82	5.33	1
6.434	-178.77	-1042.47	-1072.40	1506.23	-4.38	-2.18	1.78	5.20	1
6.442	-166.12	-1046.72	-1072.36	1507.71	-4.20	-2.24	1.71	5.06	1
6.451	-153.82	-1041.64	-1074.22	1504.20	-4.01	-2.29	1.62	4.89	1
6.459	-147.99	-1039.24	-1071.94	1500.32	-3.82	-2.30	1.55	4.72	1
6.468	-145.93	-1039.45	-1065.47	1495.65	-3.63	-2.28	1.49	4.54	1
6.476	-143.62	-1046.76	-1058.49	1495.57	-3.44	-2.29	1.46	4.38	1
6.485	-141.64	-1049.83	-1050.74	1492.06	-3.26	-2.27	1.43	4.22	1
6.493	-138.23	-1038.78	-1042.89	1478.45	-3.09	-2.25	1.40	4.07	1
6.502	-129.73	-1024.31	-1035.43	1462.24	-2.92	-2.23	1.35	3.91	1
6.510	-121.83	-1015.76	-1027.55	1449.99	-2.76	-2.23	1.29	3.78	1
6.519	-117.26	-1015.33	-1020.70	1444.47	-2.61	-2.24	1.27	3.67	1
6.527	-115.20	-1021.04	-1013.06	1442.94	-2.48	-2.24	1.27	3.58	1
6.536	-110.78	-1028.36	-1004.12	1441.55	-2.37	-2.22	1.29	3.49	1
6.544	-104.02	-1035.61	-994.56	1439.61	-2.27	-2.19	1.30	3.41	1
6.553	-101.57	-1039.53	-985.59	1436.08	-2.19	-2.16	1.31	3.34	1
6.561	-109.04	-1027.80	-983.12	1426.46	-2.12	-2.11	1.30	3.26	1
6.570	-119.49	-1007.71	-983.36	1413.07	-2.06	-2.04	1.26	3.17	1
6.578	-123.49	-989.39	-981.70	1399.25	-2.02	-1.99	1.23	3.09	1
6.587	-121.76	-976.95	-977.29	1387.21	-1.98	-1.96	1.19	3.03	1
6.595	-120.81	-968.43	-973.60	1378.53	-1.95	-1.94	1.18	2.99	1
6.604	-122.76	-964.01	-971.49	1374.11	-1.93	-1.93	1.19	2.98	1
6.612	-125.06	-959.62	-972.00	1371.60	-1.90	-1.92	1.20	2.96	1
6.621	-124.45	-955.96	-972.10	1369.06	-1.89	-1.89	1.22	2.94	1
6.629	-121.86	-952.25	-971.42	1365.76	-1.87	-1.87	1.24	2.92	1
6.638	-116.76	-951.52	-967.19	1361.79	-1.86	-1.87	1.25	2.92	1
6.646	-113.59	-945.57	-962.41	1353.97	-1.86	-1.86	1.25	2.92	1
6.655	-111.65	-938.01	-956.35	1344.23	-1.86	-1.84	1.24	2.90	1
6.664	-110.02	-934.99	-950.52	1337.84	-1.87	-1.82	1.24	2.89	1
6.672	-109.00	-929.25	-945.56	1330.21	-1.88	-1.80	1.25	2.89	1
6.681	-105.93	-923.32	-940.78	1322.42	-1.89	-1.77	1.25	2.87	1
6.689	-101.41	-920.06	-936.54	1316.78	-1.90	-1.74	1.24	2.86	1
6.698	-96.34	-916.04	-931.90	1310.29	-1.89	-1.71	1.25	2.84	1
6.706	-93.52	-908.63	-928.24	1302.30	-1.89	-1.68	1.25	2.82	1
6.715	-91.84	-900.28	-922.71	1292.42	-1.87	-1.64	1.25	2.78	1
6.723	-90.04	-900.15	-915.98	1287.40	-1.85	-1.63	1.28	2.77	1
6.732	-95.10	-882.28	-908.86	1270.24	-1.85	-1.57	1.25	2.73	1
6.741	-101.69	-858.38	-902.56	1249.71	-1.86	-1.51	1.22	2.69	1
6.749	-102.29	-851.41	-897.70	1241.46	-1.84	-1.49	1.23	2.67	1
6.758	-101.51	-850.40	-892.01	1236.59	-1.82	-1.50	1.24	2.67	1
6.767	-100.37	-846.21	-888.21	1230.88	-1.81	-1.50	1.26	2.67	1
6.775	-98.28	-844.65	-884.20	1226.74	-1.78	-1.51	1.27	2.66	1
6.784	-96.88	-838.94	-880.77	1220.22	-1.77	-1.52	1.28	2.66	1
6.793	-91.17	-844.71	-877.79	1221.62	-1.75	-1.54	1.32	2.68	1
6.801	-89.19	-845.11	-873.51	1218.68	-1.74	-1.56	1.33	2.69	1
6.810	-87.25	-842.34	-872.67	1216.02	-1.73	-1.55	1.35	2.68	1
6.819	-87.22	-838.91	-871.12	1212.53	-1.74	-1.54	1.34	2.69	1
6.827	-85.72	-837.91	-870.94	1211.60	-1.74	-1.53	1.35	2.68	1
6.836	-85.90	-835.38	-868.25	1207.93	-1.75	-1.52	1.35	2.68	1
6.845	-84.21	-834.96	-865.57	1205.59	-1.74	-1.51	1.35	2.68	1
6.853	-84.94	-832.25	-861.39	1200.77	-1.74	-1.50	1.34	2.66	1
6.862	-86.14	-826.69	-859.85	1195.91	-1.73	-1.48	1.35	2.65	1
6.871	-88.43	-818.67	-860.33	1190.88	-1.73	-1.44	1.34	2.62	1
6.879	-89.27	-817.32	-859.05	1189.10	-1.71	-1.44	1.33	2.60	1
6.888	-90.12	-814.95	-858.91	1187.43	-1.70	-1.43	1.34	2.59	1
6.897	-92.98	-809.11	-859.14	1183.82	-1.69	-1.42	1.33	2.57	1
6.906	-94.93	-804.34	-859.50	1180.98	-1.67	-1.42	1.33	2.56	1
6.914	-94.94	-804.54	-859.89	1181.40	-1.64	-1.44	1.34	2.56	1
6.923	-95.42	-805.16	-858.71	1181.00	-1.63	-1.47	1.33	2.57	1
6.932	-93.90	-809.51	-859.00	1184.06	-1.62	-1.49	1.35	2.58	1
6.940	-93.85	-810.62	-859.46	1185.15	-1.60	-1.50	1.35	2.57	1
6.949	-94.38	-808.81	-859.58	1184.04	-1.59	-1.48	1.34	2.55	1
6.958	-93.80	-811.25	-858.19	1184.66	-1.56	-1.47	1.34	2.53	1
6.966	-93.68	-811.39	-855.58	1182.86	-1.54	-1.43	1.33	2.49	1
6.975	-93.54	-807.88	-852.42	1178.15	-1.53	-1.39	1.31	2.45	1
6.984	-94.18	-802.21	-846.82	1170.26	-1.52	-1.33	1.27	2.39	1
6.993	-94.17	-793.52	-843.21	1161.70	-1.52	-1.27	1.24	2.34	1
7.001	-94.22	-786.19	-840.29	1154.58	-1.53	-1.21	1.23	2.31	1
7.010	-94.55	-779.62	-836.97	1147.72	-1.55	-1.14	1.19	2.27	1
7.019	-91.05	-782.23	-832.38	1145.87	-1.56	-1.12	1.18	2.26	1
7.028	-88.24	-782.69	-828.95	1143.48	-1.56	-1.08	1.16	2.23	1
7.036	-87.03	-778.15	-825.95	1138.10	-1.57	-1.01	1.13	2.18	1
7.045	-87.97	-767.88	-822.69	1128.80	-1.57	-0.94	1.09	2.13	1
7.054	-89.73	-757.51	-819.54	1119.61	-1.59	-0.84	1.04	2.07	1
7.063	-89.38	-756.25	-815.56	1115.82	-1.59	-0.76	1.01	2.03	1
7.071	-88.21	-756.00	-811.37	1112.49	-1.57	-0.69	0.96	1.97	1
7.080	-87.43	-752.21	-807.55	1107.06	-1.54	-0.61	0.90	1.88	1
7.089	-87.10	-742.81	-802.09	1096.67	-1.49	-0.54	0.84	1.79	1
7.098	-86.28	-729.71	-794.71	1082.35	-1.43	-0.48	0.76	1.70	1
7.107	-85.23	-713.99	-784.43	1064.13	-1.38	-0.46	0.70	1.61	1
7.115	-84.62	-697.63	-771.95	1043.91	-1.33	-0.44	0.63	1.54	1
7.124	-82.58	-686.56	-758.39	1026.33	-1.29	-0.45	0.59	1.49	1
7.133	-77.83	-683.86	-743.89	1013.46	-1.24	-0.47	0.58	1.45	1
7.142	-74.11	-681.98	-731.14	1002.58	-1.21	-0.48	0.58	1.42	1
7.151	-69.79	-681.14	-718.90	992.79	-1.18	-0.49	0.58	1.40	1
7.160	-66.13	-677.49	-707.44	981.75	-1.14	-0.50	0.58	1.37	1
7.169	-63.29	-670.52	-695.97	968.49	-1.10	-0.50	0.57	1.33	1
7.178	-61.15	-661.71	-684.49	954.01	-1.05	-0.49	0.55	1.29	1
7.187	-55.97	-658.49	-669.50	940.73	-0.99	-0.51	0.55	1.24	1
7.196	-54.09	-647.14	-656.13	923.16	-0.93	-0.51	0.52	1.18	1
7.205	-52.03	-641.25	-644.40	910.59	-0.88	-0.50	0.50	1.13	1
7.214	-51.74	-635.65	-634.78	899.82	-0.84	-0.50	0.48	1.09	1
7.223	-51.66	-634.52	-627.60	893.96	-0.80	-0.51	0.47	1.05	1
7.232	-54.26	-628.89	-623.56	887.29	-0.78	-0.49	0.45	1.02	1
7.241	-54.99	-625.14	-619.79	882.02	-0.75	-0.50	0.42	0.99	1
7.250	-53.71	-627.16	-616.94	881.38	-0.72	-0.50	0.39	0.96	1
7.259	-52.42	-626.50	-615.08	879.53	-0.68	-0.50	0.36	0.92	1
7.268	-47.89	-635.78	-612.70	884.26	-0.63	-0.53	0.36	0.90	1
7.278	-46.15	-643.91	-613.23	890.39	-0.58	-0.55	0.35	0.87	1
7.287	-45.27	-652.05	-615.28	897.65	-0.51	-0.56	0.35	0.84	1
7.296	-45.39	-661.13	-618.37	906.38	-0.46	-0.58	0.36	0.82	1
7.305	-45.95	-669.26	-622.66	915.28	-0.42	-0.60	0.35	0.81	1
7.314	-48.84	-670.97	-628.62	920.73	-0.39	-0.58	0.34	0.78	1
7.323	-49.20	-677.36	-634.38	929.34	-0.34	-0.59	0.32	0.76	1
7.332	-48.15	-686.74	-639.96	939.94	-0.30	-0.62	0.31	0.76	1
7.341	-50.76	-686.51	-645.60	943.75	-0.26	-0.63	0.26	0.73	1
7.350	-53.70	-687.25	-651.55	948.53	-0.23	-0.64	0.21	0.71	1
7.359	-55.57	-687.54	-658.90	953.91	-0.19	-0.64	0.17	0.69	1
7.368	-54.12	-697.94	-668.01	967.62	-0.14	-0.66	0.16	0.69	1
7.377	-56.15	-703.77	-676.62	977.88	-0.09	-0.69	0.13	0.70	1
7.386	-62.51	-701.82	-686.96	984.06	-0.05	-0.68	0.09	0.68	1
7.395	-60.01	-717.25	-695.38	1000.80	0.01	-0.72	0.09	0.73	1
7.404	-59.95	-715.72	-702.99	1005.01	0.06	-0.70	0.07	0.71	1
7.412	-53.39	-732.09	-707.41	1019.42	0.12	-0.75	0.07	0.77	1
7.421	-50.46	-742.12	-714.21	1031.20	0.18	-0.78	0.08	0.80	1
7.430	-51.70	-741.60	-719.29	1034.42	0.21	-0.79	0.05	0.82	1
7.439	-52.08	-743.98	-723.88	1039.34	0.25	-0.79	0.03	0.83	1
7.448	-54.86	-740.95	-729.61	1041.32	0.29	-0.77	0.02	0.82	1
7.457	-61.75	-734.44	-735.55	1041.27	0.32	-0.75	-0.02	0.81	1
7.466	-69.70	-734.73	-741.81	1046.41	0.35	-0.75	-0.03	0.83	1
7.474	-75.81	-736.51	-748.75	1053.01	0.37	-0.74	-0.05	0.83	1
7.483	-83.04	-728.47	-756.12	1053.23	0.40	-0.72	-0.07	0.82	1
7.492	-85.69	-727.67	-764.52	1058.93	0.43	-0.72	-0.09	0.84	1
7.501	-83.18	-738.05	-775.31	1073.66	0.48	-0.74	-0.08	0.89	1
7.510	-81.85	-751.17	-786.91	1090.96	0.52	-0.76	-0.08	0.93	1
7.519	-88.17	-758.05	-794.11	1101.37	0.54	-0.76	-0.09	0.94	1
7.527	-95.38	-764.67	-799.56	1110.45	0.56	-0.76	-0.11	0.95	1
7.536	-103.04	-756.96	-807.62	1111.69	0.56	-0.73	-0.17	0.94	1
7.545	-109.28	-736.31	-820.41	1107.77	0.57	-0.68	-0.24	0.92	1
7.554	-114.09	-721.14	-831.95	1106.88	0.60	-0.66	-0.29	0.94	1
7.563	-119.66	-712.36	-838.49	1106.72	0.64	-0.64	-0.32	0.96	1
7.571	-123.15	-712.77	-843.62	1111.26	0.70	-0.65	-0.33	1.01	1
7.580	-122.43	-724.90	-848.46	1122.66	0.77	-0.69	-0.35	1.09	1
7.589	-122.32	-733.14	-852.95	1131.36	0.81	-0.71	-0.35	1.13	1
7.598	-121.67	-737.25	-856.71	1136.79	0.84	-0.70	-0.35	1.15	1
7.606	-120.99	-734.16	-858.63	1136.17	0.86	-0.66	-0.36	1.15	1
7.615	-121.13	-722.83	-860.53	1130.34	0.87	-0.59	-0.38	1.11	1
7.624	-120.62	-709.50	-863.92	1124.40	0.85	-0.49	-0.42	1.07	1
7.633	-121.47	-694.70	-867.55	1118.03	0.83	-0.39	-0.46	1.03	1
7.642	-124.87	-677.05	-870.81	1110.09	0.81	-0.26	-0.51	0.99	1
7.650	-128.60	-660.37	-872.85	1102.04	0.79	-0.15	-0.56	0.98	1
7.659	-134.06	-639.93	-873.24	1090.88	0.78	-0.04	-0.61	0.99	1
7.668	-139.37	-621.28	-871.32	1079.17	0.78	0.06	-0.66	1.02	1
7.677	-143.87	-608.98	-869.97	1071.64	0.80	0.13	-0.69	1.06	1
7.686	-146.74	-607.48	-871.18	1072.15	0.83	0.14	-0.72	1.10	1
7.694	-148.62	-612.06	-876.05	1078.97	0.87	0.14	-0.74	1.15	1
7.703	-152.31	-611.78	-884.25	1085.99	0.92	0.16	-0.76	1.20	1
7.712	-155.96	-612.12	-895.06	1095.52	0.94	0.21	-0.78	1.24	1
7.721	-159.88	-609.57	-905.75	1103.41	0.96	0.27	-0.81	1.28	1
7.729	-163.45	-606.83	-913.80	1109.05	0.96	0.34	-0.85	1.32	1
7.738	-168.58	-607.24	-920.33	1115.42	0.96	0.38	-0.89	1.36	1
7.747	-175.31	-607.67	-927.02	1122.21	0.99	0.40	-0.92	1.41	1
7.756	-184.81	-599.25	-935.11	1125.91	1.03	0.44	-0.94	1.46	1
7.764	-193.23	-592.79	-945.35	1132.44	1.11	0.46	-0.94	1.52	1
7.773	-202.82	-583.29	-956.00	1138.11	1.20	0.46	-0.95	1.60	1
7.782	-212.17	-580.86	-967.31	1148.08	1.30	0.43	-0.99	1.69	1
7.791	-221.47	-585.35	-982.38	1164.80	1.38	0.40	-1.01	1.75	1
7.799	-229.64	-592.46	-998.92	1183.88	1.44	0.39	-1.03	1.82	1
7.808	-236.04	-590.99	-1010.19	1193.93	1.46	0.44	-1.07	1.86	1
7.816	-231.99	-589.94	-1014.36	1196.15	1.47	0.53	-1.12	1.92	1
7.825	-219.70	-584.88	-1015.91	1192.65	1.47	0.67	-1.13	1.98	1
7.834	-211.89	-572.70	-1014.78	1184.34	1.47	0.82	-1.15	2.04	1
7.842	-214.49	-554.37	-1012.10	1173.74	1.48	0.93	-1.19	2.11	1
7.851	-220.94	-535.00	-1011.33	1165.26	1.50	1.02	-1.20	2.17	1
7.860	-224.07	-519.88	-1009.88	1157.73	1.52	1.09	-1.20	2.22	1
7.868	-224.79	-508.42	-1005.16	1148.64	1.55	1.15	-1.23	2.28	1
7.877	-227.14	-489.31	-1002.90	1138.78	1.55	1.25	-1.23	2.34	1
7.886	-229.64	-470.55	-1000.13	1128.90	1.55	1.35	-1.22	2.40	1
7.894	-230.52	-447.84	-995.18	1115.39	1.56	1.46	-1.22	2.46	1
7.903	-228.80	-425.35	-991.34	1102.74	1.58	1.56	-1.20	2.52	1
7.911	-226.47	-413.17	-984.42	1091.37	1.61	1.61	-1.20	2.57	1
7.920	-225.85	-395.30	-976.46	1077.38	1.63	1.67	-1.16	2.61	1
7.929	-226.24	-383.09	-966.14	1063.66	1.68	1.66	-1.16	2.63	1
7.938	-228.11	-367.22	-957.05	1050.16	1.74	1.65	-1.13	2.66	1
7.946	-229.70	-351.66	-948.51	1037.35	1.84	1.64	-1.10	2.69	1
7.955	-231.07	-328.15	-936.49	1018.86	1.93	1.62	-1.08	2.75	1
7.964	-232.01	-316.59	-927.23	1006.88	2.02	1.56	-1.07	2.77	1
7.973	-231.37	-305.46	-917.59	994.39	2.10	1.53	-1.06	2.81	1
7.982	-228.07	-291.03	-905.23	977.83	2.15	1.53	-1.05	2.83	1
7.990	-223.82	-275.48	-891.11	959.20	2.17	1.55	-1.03	2.86	1
7.999	-220.97	-264.07	-877.44	942.58	2.20	1.56	-1.01	2.87	1
8.008	-218.47	-253.19	-862.58	925.13	2.21	1.54	-0.98	2.87	1
8.017	-213.81	-241.10	-847.98	907.14	2.26	1.51	-0.95	2.88	1
8.026	-211.64	-229.52	-835.35	891.78	2.33	1.46	-0.93	2.90	1
8.035	-216.00	-218.09	-824.03	879.34	2.41	1.35	-0.93	2.92	1
8.044	-227.75	-212.35	-818.64	875.86	2.49	1.21	-0.94	2.92	1
8.053	-237.74	-206.46	-813.58	872.39	2.55	1.10	-0.94	2.93	1
8.062	-237.43	-193.08	-805.61	861.78	2.61	1.07	-0.92	2.96	1
8.071	-231.33	-185.91	-798.17	851.56	2.64	1.06	-0.88	2.98	1
8.080	-225.05	-178.22	-784.57	835.44	2.66	1.07	-0.87	3.00	1
8.089	-219.63	-161.73	-763.05	810.33	2.68	1.11	-0.85	3.02	1
8.098	-218.47	-140.45	-736.09	780.57	2.67	1.15	-0.85	3.03	1
8.107	-219.42	-118.12	-706.24	748.91	2.66	1.17	-0.85	3.03	1
8.116	-218.32	-100.82	-678.79	720.13	2.62	1.16	-0.83	2.99	1
8.125	-213.28	-83.97	-651.62	690.76	2.59	1.15	-0.81	2.95	1
8.135	-207.47	-73.38	-629.76	667.10	2.55	1.10	-0.79	2.88	1
8.144	-203.75	-74.34	-613.84	651.04	2.50	1.03	-0.77	2.81	1
8.153	-198.38	-70.49	-598.02	634.00	2.47	0.99	-0.75	2.76	1
8.163	-189.84	-58.23	-578.99	612.10	2.45	1.00	-0.71	2.74	1
8.172	-181.91	-45.09	-558.57	589.17	2.44	1.03	-0.68	2.73	1
8.181	-174.85	-30.85	-537.76	566.31	2.42	1.06	-0.66	2.73	1
8.191	-170.34	-29.76	-526.81	554.47	2.41	1.01	-0.62	2.69	1
8.200	-165.42	-26.53	-513.84	540.46	2.38	0.97	-0.58	2.64	1
8.210	-160.06	-21.97	-499.73	525.20	2.36	0.94	-0.55	2.60	1
8.219	-156.24	-16.66	-485.32	510.13	2.33	0.89	-0.51	2.54	1
8.229	-154.14	-19.09	-476.67	501.33	2.27	0.79	-0.50	2.46	1
8.238	-151.58	-22.12	-466.75	491.25	2.23	0.71	-0.49	2.39	1
8.248	-148.46	-21.54	-455.77	479.82	2.19	0.66	-0.47	2.33	1
8.257	-142.80	-15.55	-440.97	463.78	2.15	0.64	-0.44	2.29	1
8.267	-135.00	-4.31	-421.66	442.76	2.11	0.66	-0.40	2.25	1
8.276	-128.50	2.93	-402.53	422.56	2.07	0.67	-0.36	2.21	1
8.286	-122.32	5.86	-384.58	403.61	2.01	0.66	-0.35	2.15	1
8.296	-113.68	14.50	-360.83	378.59	1.96	0.67	-0.32	2.10	1
8.306	-106.97	16.71	-343.15	359.82	1.89	0.65	-0.28	2.02	1
8.315	-102.14	16.67	-325.58	341.63	1.82	0.61	-0.27	1.94	1
8.325	-98.11	14.32	-311.22	326.63	1.75	0.56	-0.25	1.85	1
8.335	-92.44	16.09	-296.41	310.91	1.68	0.51	-0.20	1.77	1
8.345	-83.90	23.38	-280.23	293.45	1.62	0.49	-0.12	1.70	1
8.355	-76.24	31.03	-260.94	273.61	1.55	0.47	-0.08	1.63	1
8.364	-72.66	31.80	-245.68	258.17	1.47	0.43	-0.07	1.53	1
8.374	-69.38	33.06	-234.61	246.88	1.39	0.39	-0.04	1.45	1
8.384	-65.62	36.31	-220.77	233.16	1.32	0.35	-0.02	1.36	1
8.394	-62.66	37.37	-213.17	225.31	1.24	0.30	0.00	1.28	1
8.404	-60.17	41.76	-199.79	212.79	1.18	0.26	0.02	1.20	1
8.414	-56.86	48.33	-185.50	199.94	1.11	0.22	0.04	1.13	1
8.424	-57.98	37.47	-187.39	199.70	1.00	0.09	0.00	1.01	1
8.434	-60.16	23.44	-192.39	202.93	0.89	-0.05	-0.05	0.89	1
8.444	-58.30	22.63	-184.17	194.50	0.78	-0.12	-0.05	0.79	1
8.454	-55.38	23.07	-171.94	182.11	0.68	-0.17	-0.05	0.70	1
8.464	-53.65	20.21	-162.89	172.68	0.56	-0.24	-0.07	0.61	1
8.474	-52.66	14.81	-156.08	165.38	0.43	-0.29	-0.09	0.52	1
8.484	-51.41	7.57	-154.14	162.66	0.28	-0.34	-0.10	0.45	1
8.494	-49.83	2.87	-151.18	159.21	0.14	-0.38	-0.10	0.41	1
8.504	-50.16	-2.07	-145.82	154.22	0.01	-0.37	-0.11	0.39	1
8.515	-51.39	-7.18	-141.89	151.08	-0.08	-0.37	-0.14	0.41	1
8.525	-52.33	-14.29	-145.29	155.09	-0.14	-0.40	-0.15	0.45	1
8.535	-51.86	-18.82	-145.59	155.69	-0.17	-0.41	-0.16	0.48	1
8.545	-50.97	-21.34	-141.40	151.81	-0.18	-0.41	-0.18	0.48	1
8.555	-49.08	-24.31	-142.55	152.71	-0.19	-0.42	-0.17	0.49	1
8.565	-46.99	-24.57	-138.76	148.54	-0.19	-0.41	-0.16	0.48	1
8.575	-45.61	-25.06	-133.24	143.04	-0.19	-0.40	-0.14	0.47	1
8.586	-45.12	-31.51	-139.99	150.42	-0.20	-0.44	-0.15	0.51	1
8.596	-44.56	-34.13	-135.51	146.68	-0.19	-0.43	-0.15	0.49	1
8.606	-44.89	-39.13	-139.30	151.50	-0.20	-0.45	-0.16	0.51	1
8.616	-44.91	-40.45	-134.48	147.44	-0.19	-0.44	-0.16	0.50	1
8.626	-44.68	-43.40	-136.07	149.65	-0.19	-0.44	-0.17	0.51	1
8.636	-44.16	-43.75	-130.31	144.37	-0.19	-0.43	-0.17	0.50	1
8.647	-43.91	-47.47	-132.48	147.42	-0.19	-0.44	-0.18	0.51	1
8.657	-42.99	-47.87	-125.00	140.59	-0.18	-0.42	-0.18	0.49	1
8.667	-42.74	-51.03	-128.08	144.34	-0.18	-0.44	-0.18	0.50	1
8.677	-42.02	-50.20	-125.91	141.91	-0.18	-0.44	-0.16	0.50	1
8.687	-41.97	-50.11	-122.85	139.15	-0.18	-0.43	-0.16	0.49	1
8.698	-41.97	-53.03	-126.43	143.38	-0.18	-0.45	-0.18	0.51	1
8.708	-41.96	-53.74	-122.52	140.21	-0.19	-0.44	-0.19	0.52	1
8.718	-41.69	-54.83	-125.50	143.16	-0.20	-0.46	-0.19	0.53	1
8.728	-40.86	-52.73	-121.98	139.03	-0.21	-0.46	-0.17	0.53	1
8.738	-40.75	-53.31	-119.51	137.06	-0.22	-0.46	-0.16	0.54	1
8.749	-40.32	-55.82	-121.45	139.61	-0.24	-0.48	-0.18	0.57	1
8.759	-40.39	-57.61	-118.25	137.60	-0.25	-0.46	-0.19	0.56	1
8.769	-41.54	-65.14	-129.25	150.58	-0.28	-0.50	-0.22	0.62	1
8.779	-41.89	-68.67	-135.35	157.44	-0.30	-0.53	-0.23	0.66	1
8.789	-42.56	-71.50	-136.15	159.56	-0.32	-0.54	-0.24	0.67	1
8.800	-43.49	-75.92	-144.59	169.00	-0.34	-0.57	-0.27	0.72	1
8.810	-43.76	-75.20	-148.18	171.84	-0.35	-0.59	-0.26	0.74	1
8.820	-44.94	-73.53	-146.41	169.89	-0.37	-0.59	-0.25	0.74	1
8.830	-46.22	-72.99	-152.45	175.23	-0.39	-0.62	-0.26	0.78	1
8.840	-46.59	-68.56	-155.92	176.58	-0.41	-0.64	-0.22	0.79	1
8.851	-47.08	-63.58	-154.66	173.72	-0.42	-0.63	-0.20	0.78	1
8.861	-47.51	-57.50	-153.93	171.05	-0.44	-0.61	-0.17	0.78	1
8.871	-47.40	-48.00	-146.07	160.90	-0.45	-0.58	-0.13	0.74	1
8.881	-48.87	-42.81	-144.03	158.01	-0.48	-0.55	-0.12	0.74	1
8.891	-50.65	-39.80	-151.56	164.68	-0.50	-0.54	-0.11	0.74	1
8.902	-52.57	-34.63	-155.90	168.13	-0.52	-0.52	-0.10	0.75	1
8.912	-54.50	-28.56	-167.84	178.76	-0.57	-0.54	-0.07	0.79	1
8.922	-56.32	-20.09	-170.84	181.00	-0.60	-0.52	-0.05	0.80	1
8.932	-59.41	-16.01	-186.47	196.36	-0.65	-0.54	-0.03	0.85	1
8.942	-63.09	-12.17	-200.81	210.84	-0.71	-0.57	-0.03	0.91	1
8.952	-66.39	-4.19	-213.62	223.74	-0.77	-0.59	0.00	0.97	1
8.962	-71.74	-2.42	-240.95	251.42	-0.85	-0.67	0.02	1.08	1
8.972	-77.50	-0.40	-268.55	279.51	-0.94	-0.75	0.05	1.20	1
8.982	-84.91	-0.37	-296.87	308.78	-1.04	-0.85	0.05	1.34	1
8.992	-91.74	2.46	-318.76	331.71	-1.12	-0.91	0.06	1.45	1
9.002	-98.47	7.70	-335.77	350.00	-1.20	-0.96	0.07	1.54	1
9.012	-105.03	14.71	-349.99	365.70	-1.26	-1.00	0.09	1.61	1
9.022	-111.20	26.56	-357.39	375.23	-1.33	-1.02	0.10	1.68	1
9.032	-117.50	38.66	-369.74	389.88	-1.41	-1.06	0.13	1.77	1
9.042	-125.94	47.01	-392.96	415.32	-1.49	-1.13	0.16	1.88	1
9.052	-133.66	60.31	-413.65	438.87	-1.56	-1.19	0.21	1.98	1
9.062	-144.37	68.74	-440.76	468.87	-1.66	-1.25	0.25	2.10	1
9.072	-156.19	75.95	-469.20	500.31	-1.78	-1.31	0.31	2.23	1
9.081	-167.48	83.01	-495.18	529.29	-1.89	-1.34	0.37	2.35	1
9.091	-179.15	88.41	-517.91	555.11	-2.03	-1.35	0.43	2.48	1
9.101	-191.32	92.07	-540.40	580.61	-2.16	-1.35	0.49	2.59	1
9.110	-200.93	98.37	-564.18	606.92	-2.28	-1.35	0.58	2.71	1
9.120	-211.16	100.29	-586.07	630.97	-2.41	-1.33	0.64	2.82	1
9.130	-221.00	101.41	-606.09	653.05	-2.53	-1.32	0.70	2.94	1
9.139	-231.79	97.55	-634.89	682.88	-2.63	-1.37	0.77	3.06	1
9.149	-241.02	89.83	-664.53	712.57	-2.73	-1.44	0.82	3.19	1
9.158	-243.76	87.52	-690.96	737.90	-2.85	-1.46	0.85	3.31	1
9.168	-242.02	87.76	-713.88	758.88	-2.98	-1.44	0.87	3.42	1
9.177	-243.08	93.70	-731.51	776.52	-3.09	-1.41	0.92	3.52	1
9.187	-251.61	83.09	-762.36	807.09	-3.21	-1.46	0.98	3.66	1
9.196	-260.30	69.50	-792.06	836.63	-3.33	-1.50	1.02	3.79	1
9.205	-270.69	40.96	-831.88	875.77	-3.45	-1.59	1.05	3.94	1
9.215	-283.85	19.38	-861.79	907.54	-3.55	-1.65	1.11	4.07	1
9.224	-300.51	5.35	-882.95	932.70	-3.62	-1.67	1.19	4.16	1
9.233	-314.21	-10.45	-905.12	958.16	-3.69	-1.69	1.27	4.26	1
9.242	-319.20	-24.31	-927.45	981.15	-3.76	-1.71	1.32	4.34	1
9.252	-319.72	-27.99	-941.89	995.07	-3.84	-1.68	1.39	4.42	1
9.261	-323.69	-34.78	-955.87	1009.78	-3.91	-1.68	1.45	4.50	1
9.270	-327.05	-58.03	-979.94	1034.70	-4.01	-1.78	1.48	4.63	1
9.279	-321.62	-80.10	-1004.34	1057.62	-4.10	-1.85	1.51	4.75	1
9.288	-311.76	-100.08	-1026.69	1077.64	-4.20	-1.88	1.51	4.85	1
9.298	-305.98	-128.12	-1050.06	1101.21	-4.30	-1.94	1.52	4.96	1
9.307	-309.10	-143.95	-1061.93	1115.33	-4.38	-1.93	1.55	5.03	1
9.316	-317.86	-168.40	-1075.09	1133.68	-4.42	-1.96	1.59	5.09	1
9.325	-328.91	-188.99	-1083.42	1147.91	-4.44	-1.98	1.67	5.14	1
9.334	-336.23	-208.22	-1090.03	1159.55	-4.46	-1.98	1.73	5.18	1
9.343	-337.26	-235.42	-1099.58	1173.98	-4.47	-1.98	1.75	5.19	1
9.353	-335.59	-248.82	-1099.99	1176.66	-4.48	-1.88	1.75	5.16	1
9.362	-335.02	-269.19	-1104.89	1185.53	-4.48	-1.79	1.71	5.12	1
9.371	-335.30	-288.97	-1110.67	1195.63	-4.46	-1.70	1.67	5.06	1
9.380	-333.77	-303.77	-1116.80	1204.54	-4.44	-1.60	1.65	5.00	1
9.389	-333.13	-315.73	-1120.86	1211.20	-4.42	-1.47	1.60	4.93	1
9.398	-334.96	-324.04	-1124.63	1217.37	-4.42	-1.32	1.57	4.87	1
9.407	-338.63	-334.12	-1131.73	1227.65	-4.44	-1.19	1.53	4.84	1
9.416	-341.73	-346.12	-1141.26	1240.58	-4.45	-1.09	1.52	4.83	1
9.425	-343.79	-355.88	-1150.38	1252.29	-4.46	-0.98	1.51	4.81	1
9.434	-345.81	-372.58	-1162.58	1268.86	-4.46	-0.90	1.49	4.79	1
9.443	-347.51	-386.64	-1171.91	1282.04	-4.46	-0.80	1.46	4.76	1
9.452	-349.42	-390.89	-1176.46	1288.01	-4.45	-0.68	1.43	4.72	1
9.460	-350.69	-382.24	-1176.01	1285.34	-4.45	-0.53	1.42	4.70	1
9.469	-351.61	-381.16	-1179.09	1288.09	-4.47	-0.45	1.42	4.72	1
9.478	-352.16	-389.94	-1185.75	1296.95	-4.52	-0.42	1.43	4.76	1
9.487	-352.83	-404.50	-1194.58	1309.63	-4.58	-0.42	1.44	4.82	1
9.496	-354.31	-423.76	-1204.45	1325.07	-4.63	-0.43	1.44	4.87	1
9.504	-357.24	-438.94	-1212.98	1338.51	-4.69	-0.43	1.44	4.92	1
9.513	-360.87	-451.60	-1218.91	1349.04	-4.74	-0.42	1.45	4.97	1
9.522	-363.38	-468.12	-1226.11	1361.81	-4.79	-0.43	1.48	5.03	1
9.530	-366.41	-481.75	-1229.26	1370.19	-4.86	-0.45	1.48	5.10	1
9.539	-370.27	-492.96	-1228.90	1374.88	-4.92	-0.45	1.51	5.16	1
9.548	-371.66	-514.44	-1234.37	1387.97	-4.98	-0.50	1.54	5.23	1
9.556	-370.42	-528.51	-1238.99	1397.00	-5.04	-0.53	1.55	5.30	1
9.565	-361.62	-552.78	-1249.73	1413.57	-5.11	-0.61	1.55	5.38	1
9.574	-345.61	-575.64	-1258.48	1426.38	-5.20	-0.69	1.54	5.47	1
9.582	-326.84	-600.13	-1267.53	1440.01	-5.29	-0.76	1.51	5.55	1
9.591	-307.03	-630.04	-1277.88	1457.47	-5.37	-0.84	1.49	5.64	1
9.599	-300.57	-642.95	-1281.07	1464.54	-5.45	-0.86	1.50	5.72	1
9.608	-301.70	-650.61	-1280.48	1467.64	-5.53	-0.86	1.53	5.80	1
9.617	-302.85	-659.02	-1275.41	1467.21	-5.59	-0.87	1.55	5.87	1
9.625	-302.07	-663.97	-1267.43	1462.36	-5.66	-0.88	1.55	5.93	1
9.634	-297.21	-678.21	-1260.35	1461.78	-5.70	-0.92	1.56	5.98	1
9.642	-290.58	-694.80	-1253.78	1462.58	-5.74	-0.99	1.57	6.03	1
9.651	-283.01	-708.40	-1246.17	1461.12	-5.77	-1.02	1.60	6.08	1
9.660	-274.95	-722.35	-1237.08	1458.68	-5.80	-1.07	1.61	6.11	1
9.668	-270.91	-733.69	-1229.42	1457.11	-5.82	-1.11	1.62	6.15	1
9.677	-275.61	-737.47	-1223.84	1455.20	-5.85	-1.15	1.67	6.19	1
9.685	-284.00	-739.52	-1223.61	1457.66	-5.86	-1.17	1.74	6.22	1
9.694	-290.79	-738.80	-1217.46	1453.48	-5.88	-1.18	1.79	6.25	1
9.703	-289.15	-742.43	-1206.12	1445.52	-5.89	-1.19	1.77	6.27	1
9.711	-282.57	-756.41	-1197.83	1444.57	-5.88	-1.24	1.76	6.26	1
9.720	-278.28	-767.38	-1189.30	1442.48	-5.85	-1.26	1.78	6.25	1
9.728	-277.09	-764.70	-1176.68	1430.43	-5.80	-1.27	1.79	6.20	1
9.737	-275.72	-762.87	-1160.26	1415.70	-5.77	-1.31	1.78	6.18	1
9.746	-269.51	-775.37	-1148.59	1411.77	-5.72	-1.40	1.80	6.16	1
9.754	-261.61	-784.09	-1137.64	1406.22	-5.70	-1.48	1.80	6.16	1
9.763	-249.90	-802.35	-1127.90	1406.55	-5.67	-1.60	1.80	6.16	1
9.772	-238.21	-819.74	-1122.29	1410.05	-5.64	-1.70	1.81	6.16	1
9.780	-230.24	-831.36	-1115.77	1410.36	-5.61	-1.78	1.79	6.15	1
9.789	-220.35	-854.92	-1112.55	1420.28	-5.57	-1.87	1.80	6.15	1
9.798	-210.53	-875.96	-1107.74	1427.83	-5.52	-1.95	1.79	6.12	1
9.806	-203.04	-895.09	-1105.42	1436.79	-5.45	-1.99	1.77	6.07	1
9.815	-201.17	-901.16	-1103.33	1438.71	-5.39	-1.98	1.77	6.01	1
9.824	-204.30	-901.44	-1099.62	1436.49	-5.33	-1.95	1.76	5.94	1
9.832	-205.88	-915.00	-1096.32	1442.75	-5.25	-1.92	1.75	5.86	1
9.841	-203.19	-944.68	-1088.15	1455.25	-5.18	-1.91	1.76	5.80	1
9.849	-194.36	-978.45	-1082.86	1472.32	-5.11	-1.95	1.77	5.75	1
9.858	-180.08	-994.98	-1081.31	1480.42	-5.01	-2.02	1.77	5.68	1
9.866	-167.06	-991.82	-1083.82	1478.60	-4.91	-2.09	1.76	5.62	1
9.875	-157.56	-982.07	-1081.27	1469.17	-4.81	-2.14	1.74	5.54	1
9.883	-152.65	-981.58	-1073.35	1462.49	-4.69	-2.17	1.73	5.45	1
9.892	-147.44	-991.30	-1061.18	1459.63	-4.55	-2.21	1.73	5.35	1
9.900	-138.52	-1009.39	-1048.24	1461.80	-4.38	-2.31	1.73	5.24	1
9.909	-129.45	-1021.23	-1033.89	1458.97	-4.19	-2.37	1.69	5.10	1
9.918	-121.18	-1027.83	-1018.21	1451.85	-3.99	-2.38	1.62	4.92	1
9.926	-114.28	-1029.61	-1007.11	1444.80	-3.78	-2.35	1.54	4.71	1
9.935	-100.59	-1042.13	-1003.24	1450.05	-3.52	-2.35	1.50	4.49	1
9.943	-84.74	-1056.65	-1002.69	1459.14	-3.27	-2.38	1.45	4.30	1
9.952	-71.86	-1065.15	-999.65	1462.54	-3.05	-2.37	1.40	4.11	1
9.961	-67.22	-1068.72	-988.87	1457.58	-2.89	-2.31	1.33	3.94	1
9.969	-69.95	-1068.91	-979.44	1451.47	-2.77	-2.24	1.30	3.79	1
9.978	-80.32	-1060.74	-975.66	1443.44	-2.67	-2.19	1.29	3.68	1
9.986	-91.55	-1042.39	-977.21	1431.74	-2.59	-2.13	1.28	3.59	1
9.995	-99.12	-1026.10	-975.62	1419.34	-2.52	-2.09	1.26	3.51	1
10.003	-100.59	-1011.21	-970.02	1404.85	-2.46	-2.05	1.25	3.44	1
10.012	-98.87	-1002.75	-962.18	1393.23	-2.41	-2.01	1.24	3.37	1
10.020	-98.62	-998.59	-955.68	1385.73	-2.35	-2.00	1.23	3.33	1
10.029	-99.23	-998.81	-948.52	1381.00	-2.31	-2.01	1.22	3.29	1
10.037	-98.15	-1003.79	-943.14	1380.85	-2.27	-2.02	1.23	3.27	1
10.046	-98.29	-1002.10	-939.78	1377.33	-2.24	-1.99	1.23	3.23	1
10.054	-96.31	-1003.42	-937.65	1376.70	-2.20	-1.97	1.24	3.20	1
10.063	-90.13	-1008.71	-936.24	1379.19	-2.18	-1.95	1.25	3.18	1
10.071	-83.46	-1011.96	-935.66	1380.76	-2.17	-1.94	1.27	3.18	1
10.080	-78.05	-1007.30	-932.89	1375.15	-2.16	-1.91	1.27	3.15	1
10.088	-76.92	-992.91	-930.44	1362.90	-2.16	-1.86	1.25	3.11	1
10.097	-76.31	-979.85	-927.00	1351.02	-2.17	-1.81	1.24	3.08	1
10.105	-77.68	-968.27	-923.02	1339.98	-2.17	-1.78	1.24	3.07	1
10.114	-78.91	-961.53	-918.68	1332.20	-2.16	-1.77	1.24	3.05	1
10.123	-80.19	-958.40	-914.44	1327.09	-2.14	-1.78	1.27	3.06	1
10.131	-79.81	-960.57	-910.36	1325.82	-2.11	-1.81	1.32	3.08	1
10.140	-78.90	-963.46	-906.39	1325.15	-2.08	-1.83	1.37	3.10	1
10.148	-76.69	-971.26	-902.09	1327.78	-2.04	-1.88	1.43	3.12	1
10.157	-74.99	-973.63	-898.03	1326.66	-2.01	-1.90	1.46	3.13	1
10.165	-73.20	-974.00	-893.07	1323.48	-1.98	-1.92	1.48	3.13	1
10.174	-70.85	-968.90	-887.07	1315.55	-1.97	-1.93	1.48	3.13	1
10.182	-69.92	-955.49	-880.35	1301.10	-1.94	-1.92	1.46	3.10	1
10.191	-66.96	-945.72	-871.38	1287.70	-1.93	-1.91	1.44	3.07	1
10.200	-65.25	-932.85	-862.35	1272.05	-1.92	-1.89	1.42	3.04	1
10.208	-63.40	-925.08	-851.65	1259.00	-1.89	-1.88	1.42	3.02	1
10.217	-62.57	-915.65	-840.15	1244.26	-1.85	-1.87	1.41	2.99	1
10.226	-65.33	-899.58	-827.23	1223.86	-1.81	-1.85	1.38	2.93	1
10.234	-64.52	-894.78	-816.26	1212.88	-1.74	-1.86	1.41	2.91	1
10.243	-64.66	-887.18	-806.86	1200.95	-1.68	-1.85	1.42	2.87	1
10.252	-63.08	-883.88	-795.38	1190.73	-1.61	-1.87	1.43	2.85	1
10.260	-60.69	-878.69	-787.06	1181.21	-1.53	-1.87	1.45	2.81	1
10.269	-57.14	-872.17	-779.30	1171.01	-1.45	-1.85	1.47	2.77	1
10.278	-56.72	-856.94	-771.44	1154.42	-1.38	-1.81	1.46	2.70	1
10.287	-56.54	-841.71	-763.26	1137.65	-1.31	-1.77	1.44	2.63	1
10.296	-56.00	-828.74	-755.16	1122.59	-1.23	-1.74	1.43	2.57	1
10.304	-54.96	-819.06	-745.61	1108.97	-1.17	-1.72	1.42	2.52	1
10.313	-56.94	-804.34	-736.98	1092.40	-1.14	-1.69	1.38	2.46	1
10.322	-58.92	-793.11	-730.97	1080.19	-1.12	-1.66	1.36	2.42	1
10.331	-58.47	-789.35	-726.99	1074.71	-1.10	-1.64	1.36	2.40	1
10.340	-57.14	-787.33	-722.49	1070.11	-1.05	-1.63	1.35	2.36	1
10.349	-56.46	-783.03	-719.15	1064.66	-1.00	-1.62	1.33	2.32	1
10.358	-54.80	-779.68	-718.12	1061.41	-0.95	-1.59	1.31	2.27	1
10.367	-49.66	-785.18	-713.37	1062.01	-0.86	-1.60	1.30	2.23	1
10.375	-48.01	-783.11	-708.70	1057.27	-0.79	-1.56	1.25	2.15	1
10.384	-48.53	-775.44	-706.64	1050.24	-0.71	-1.48	1.20	2.03	1
10.393	-49.25	-768.87	-702.44	1042.60	-0.62	-1.41	1.13	1.92	1
10.402	-55.11	-748.00	-698.85	1025.15	-0.57	-1.31	1.05	1.77	1
10.411	-60.41	-727.58	-695.08	1008.05	-0.54	-1.21	0.97	1.64	1
10.420	-63.25	-715.52	-688.17	994.76	-0.52	-1.15	0.91	1.56	1
10.429	-65.78	-705.39	-684.97	985.43	-0.51	-1.09	0.87	1.49	1
10.438	-64.74	-704.09	-679.87	980.90	-0.51	-1.05	0.85	1.44	1
10.447	-61.62	-707.51	-675.87	980.39	-0.52	-1.01	0.82	1.40	1
10.456	-61.55	-704.62	-674.78	977.55	-0.56	-0.90	0.78	1.32	1
10.465	-60.37	-704.12	-671.66	974.96	-0.59	-0.81	0.72	1.23	1
10.474	-62.45	-694.13	-669.61	966.49	-0.66	-0.70	0.66	1.16	1
10.483	-60.62	-690.79	-664.61	960.51	-0.70	-0.63	0.60	1.12	1
10.492	-60.82	-684.00	-659.54	952.13	-0.74	-0.58	0.54	1.08	1
10.501	-62.59	-675.99	-655.87	943.96	-0.79	-0.54	0.49	1.07	1
10.510	-61.67	-670.10	-652.88	937.60	-0.82	-0.50	0.46	1.06	1
10.519	-61.58	-662.75	-649.61	930.07	-0.84	-0.45	0.44	1.05	1
10.528	-62.00	-656.46	-644.45	922.01	-0.86	-0.44	0.41	1.05	1
10.537	-65.00	-644.43	-640.07	910.60	-0.88	-0.39	0.38	1.04	1
10.546	-65.54	-638.97	-634.36	902.77	-0.90	-0.38	0.37	1.04	1
10.555	-63.09	-639.07	-627.07	897.56	-0.89	-0.38	0.37	1.04	1
10.564	-61.32	-638.64	-620.69	892.68	-0.89	-0.39	0.36	1.03	1
10.573	-59.69	-639.44	-614.19	888.64	-0.87	-0.40	0.36	1.02	1
10.582	-59.21	-637.75	-608.43	883.41	-0.84	-0.41	0.34	1.00	1
10.591	-58.15	-637.37	-603.75	879.85	-0.83	-0.42	0.33	0.99	1
10.600	-54.54	-643.40	-599.20	880.89	-0.79	-0.44	0.34	0.97	1
10.609	-52.20	-647.71	-596.46	882.05	-0.77	-0.45	0.36	0.96	1
10.618	-50.09	-650.32	-593.68	881.97	-0.74	-0.45	0.37	0.94	1
10.627	-50.59	-646.99	-590.32	877.29	-0.73	-0.44	0.36	0.93	1
10.636	-51.03	-641.25	-586.03	870.19	-0.71	-0.44	0.34	0.90	1
10.645	-50.67	-635.72	-580.47	862.35	-0.68	-0.43	0.32	0.87	1
10.655	-48.33	-632.73	-573.40	855.26	-0.63	-0.46	0.32	0.84	1
10.664	-47.40	-626.89	-567.17	846.71	-0.58	-0.45	0.31	0.80	1
10.673	-46.28	-623.07	-559.59	838.75	-0.54	-0.46	0.31	0.78	1
10.682	-44.24	-621.37	-551.85	832.22	-0.48	-0.48	0.32	0.75	1
10.691	-42.62	-620.59	-544.84	826.92	-0.43	-0.50	0.32	0.73	1
10.700	-40.66	-622.81	-539.49	824.98	-0.39	-0.52	0.33	0.73	1
10.710	-41.79	-619.47	-537.28	821.07	-0.36	-0.52	0.32	0.71	1
10.719	-44.16	-612.98	-539.24	817.60	-0.33	-0.51	0.29	0.67	1
10.728	-45.65	-609.40	-542.91	817.44	-0.29	-0.51	0.26	0.64	1
10.737	-46.88	-607.95	-547.69	819.61	-0.26	-0.51	0.24	0.62	1
10.746	-45.55	-616.70	-553.56	829.96	-0.21	-0.55	0.22	0.63	1
10.756	-43.79	-629.95	-560.65	844.44	-0.17	-0.59	0.22	0.65	1
10.765	-42.60	-643.41	-569.05	860.00	-0.11	-0.64	0.21	0.68	1
10.774	-43.70	-652.48	-578.22	872.91	-0.06	-0.67	0.19	0.70	1
10.783	-45.09	-657.78	-588.78	883.95	-0.02	-0.69	0.17	0.71	1
10.792	-44.51	-666.27	-599.72	897.53	0.04	-0.72	0.15	0.74	1
10.801	-47.13	-664.99	-613.94	906.29	0.10	-0.71	0.14	0.73	1
10.810	-49.75	-663.87	-627.81	915.07	0.15	-0.72	0.11	0.74	1
10.819	-50.51	-670.60	-640.80	928.92	0.20	-0.74	0.10	0.78	1
10.828	-51.69	-677.34	-654.47	943.28	0.26	-0.77	0.08	0.82	1
10.837	-53.77	-686.21	-668.77	959.70	0.32	-0.81	0.08	0.87	1
10.846	-55.66	-695.90	-684.66	977.82	0.38	-0.83	0.09	0.91	1
10.855	-54.63	-703.32	-697.00	991.69	0.43	-0.85	0.07	0.96	1
10.864	-49.65	-708.84	-707.84	1002.97	0.48	-0.87	0.05	0.99	1
10.873	-40.53	-726.31	-719.97	1023.49	0.55	-0.93	0.04	1.08	1
10.882	-41.21	-725.67	-738.34	1036.07	0.60	-0.95	0.01	1.12	1
10.891	-42.30	-739.16	-757.51	1059.23	0.66	-1.01	-0.00	1.21	1
10.899	-46.56	-753.75	-773.74	1081.19	0.70	-1.06	-0.02	1.27	1
10.908	-53.78	-762.59	-788.01	1097.91	0.72	-1.08	-0.04	1.30	1
10.917	-58.64	-770.60	-802.11	1113.84	0.74	-1.09	-0.07	1.32	1
10.926	-59.65	-782.57	-818.28	1133.82	0.76	-1.10	-0.09	1.34	1
10.935	-62.06	-788.23	-836.68	1151.17	0.79	-1.08	-0.09	1.34	1
10.943	-66.32	-787.96	-851.62	1162.13	0.81	-1.06	-0.12	1.34	1
10.952	-68.49	-790.71	-863.96	1173.17	0.82	-1.05	-0.16	1.34	1
10.961	-68.05	-792.38	-878.00	1184.64	0.84	-1.01	-0.18	1.33	1
10.969	-70.54	-789.22	-890.14	1191.72	0.86	-0.96	-0.23	1.31	1
10.978	-81.63	-784.92	-905.51	1201.13	0.86	-0.93	-0.28	1.30	1
10.987	-99.12	-773.94	-920.64	1206.81	0.87	-0.88	-0.34	1.28	1
10.995	-108.12	-769.72	-932.08	1213.65	0.87	-0.85	-0.39	1.27	1
11.004	-108.43	-767.30	-937.53	1216.34	0.89	-0.83	-0.46	1.30	1
11.013	-107.35	-767.04	-943.80	1220.91	0.91	-0.80	-0.49	1.30	1
11.021	-110.33	-763.12	-948.38	1222.27	0.94	-0.76	-0.51	1.31	1
11.030	-114.71	-759.56	-952.92	1223.99	0.97	-0.75	-0.56	1.34	1
11.039	-119.32	-749.04	-960.36	1223.76	0.99	-0.69	-0.57	1.33	1
11.047	-120.16	-746.55	-968.85	1229.00	1.03	-0.67	-0.60	1.36	1
11.056	-121.26	-745.59	-980.55	1237.78	1.07	-0.64	-0.62	1.39	1
11.064	-124.02	-738.30	-991.39	1242.30	1.09	-0.56	-0.64	1.38	1
11.073	-125.85	-727.83	-999.69	1242.96	1.12	-0.48	-0.69	1.40	1
11.082	-125.49	-724.18	-1007.42	1247.03	1.13	-0.42	-0.74	1.41	1
11.090	-124.45	-722.14	-1012.90	1250.18	1.15	-0.37	-0.80	1.45	1
11.099	-123.61	-721.78	-1019.62	1255.34	1.16	-0.32	-0.83	1.46	1
11.107	-123.65	-723.88	-1027.27	1262.76	1.20	-0.28	-0.83	1.48	1
11.116	-127.87	-716.46	-1032.25	1263.02	1.23	-0.23	-0.82	1.49	1
11.124	-133.49	-705.81	-1033.69	1258.77	1.28	-0.19	-0.82	1.54	1
11.133	-141.72	-691.83	-1032.20	1250.66	1.34	-0.16	-0.85	1.59	1
11.142	-150.62	-680.42	-1032.22	1245.44	1.39	-0.13	-0.85	1.64	1
11.150	-159.23	-664.96	-1032.33	1238.24	1.43	-0.08	-0.86	1.67	1
11.159	-166.36	-648.24	-1031.38	1229.48	1.47	-0.02	-0.90	1.72	1
11.168	-172.73	-631.96	-1032.00	1222.39	1.48	0.05	-0.92	1.75	1
11.176	-178.12	-618.48	-1034.16	1218.08	1.51	0.13	-0.94	1.78	1
11.185	-181.51	-603.58	-1032.60	1209.76	1.52	0.20	-0.96	1.81	1
11.193	-177.73	-593.69	-1025.80	1198.47	1.54	0.28	-0.98	1.85	1
11.202	-165.02	-583.14	-1015.44	1182.54	1.57	0.38	-0.97	1.88	1
11.211	-151.94	-574.83	-1000.71	1164.01	1.60	0.46	-0.99	1.94	1
11.220	-150.73	-554.20	-992.19	1146.43	1.61	0.56	-0.98	1.97	1
11.228	-155.33	-528.33	-983.07	1126.81	1.62	0.67	-0.99	2.01	1
11.237	-159.00	-509.69	-975.81	1112.33	1.63	0.75	-0.99	2.05	1
11.246	-159.85	-491.64	-970.53	1099.63	1.63	0.85	-0.97	2.08	1
11.254	-160.31	-468.76	-962.50	1082.52	1.63	0.97	-0.97	2.13	1
11.263	-161.79	-455.38	-955.38	1070.66	1.62	1.03	-0.98	2.16	1
11.272	-163.29	-445.54	-949.62	1061.58	1.61	1.08	-1.00	2.18	1
11.281	-163.42	-442.40	-947.55	1058.43	1.63	1.10	-0.99	2.20	1
11.290	-163.43	-430.03	-942.81	1049.06	1.65	1.14	-0.99	2.23	1
11.298	-163.69	-412.39	-936.08	1035.91	1.66	1.20	-0.97	2.27	1
11.307	-164.91	-389.07	-928.05	1019.73	1.68	1.28	-0.96	2.32	1
11.316	-168.17	-356.35	-915.88	997.05	1.71	1.38	-0.95	2.39	1
11.325	-172.30	-323.98	-904.55	976.14	1.73	1.49	-0.94	2.47	1
11.334	-177.30	-301.23	-896.37	962.11	1.74	1.57	-0.92	2.52	1
11.343	-181.32	-287.42	-888.96	951.70	1.74	1.62	-0.93	2.55	1
11.351	-184.34	-280.08	-883.83	945.30	1.74	1.66	-0.93	2.58	1
11.360	-186.74	-265.75	-874.42	932.79	1.73	1.73	-0.93	2.62	1
11.369	-187.65	-248.57	-864.24	918.65	1.73	1.79	-0.93	2.66	1
11.378	-185.84	-229.31	-850.89	900.63	1.74	1.87	-0.91	2.72	1
11.387	-181.46	-210.92	-833.20	878.43	1.75	1.94	-0.89	2.76	1
11.396	-176.48	-194.20	-812.94	854.24	1.77	1.96	-0.86	2.77	1
11.405	-172.23	-177.14	-790.35	828.07	1.78	1.98	-0.83	2.79	1
11.414	-168.36	-161.09	-769.70	804.20	1.80	1.98	-0.79	2.79	1
11.423	-165.44	-150.76	-752.63	785.21	1.84	1.94	-0.76	2.78	1
11.432	-163.36	-146.13	-739.94	771.72	1.86	1.89	-0.73	2.75	1
11.441	-162.56	-140.81	-728.24	759.33	1.91	1.83	-0.69	2.74	1
11.450	-162.72	-142.96	-719.44	751.34	1.96	1.75	-0.67	2.71	1
11.459	-162.37	-144.85	-709.97	742.56	2.01	1.66	-0.65	2.69	1
11.468	-159.92	-141.99	-696.64	728.72	2.06	1.61	-0.63	2.68	1
11.478	-156.99	-133.17	-680.72	711.16	2.10	1.55	-0.59	2.68	1
11.487	-154.25	-136.73	-668.85	699.89	2.12	1.45	-0.55	2.63	1
11.496	-152.04	-140.86	-656.48	688.42	2.14	1.34	-0.52	2.58	1
11.505	-149.10	-132.72	-638.41	668.89	2.14	1.29	-0.51	2.55	1
11.515	-148.97	-123.01	-622.51	651.80	2.13	1.25	-0.49	2.51	1
11.524	-148.60	-98.69	-599.35	625.33	2.12	1.29	-0.48	2.53	1
11.533	-145.46	-76.78	-578.16	601.10	2.10	1.37	-0.47	2.55	1
11.543	-139.97	-60.29	-561.92	582.22	2.08	1.44	-0.43	2.57	1
11.552	-140.97	-56.38	-552.70	573.17	2.06	1.46	-0.43	2.56	1
11.561	-153.36	-54.72	-544.23	568.07	2.05	1.42	-0.46	2.53	1
11.571	-160.96	-34.75	-523.04	548.35	2.06	1.45	-0.49	2.57	1
11.580	-153.90	-24.91	-508.77	532.12	2.06	1.47	-0.48	2.57	1
11.590	-138.08	-13.14	-495.41	514.46	2.06	1.51	-0.40	2.58	1
11.599	-129.00	-7.96	-483.10	500.09	2.05	1.50	-0.35	2.57	1
11.609	-124.78	7.64	-461.97	478.58	2.07	1.48	-0.33	2.56	1
11.618	-126.91	14.22	-445.29	463.24	2.06	1.41	-0.33	2.52	1
11.628	-130.58	18.68	-429.16	448.97	2.05	1.32	-0.32	2.46	1
11.637	-129.14	23.43	-410.28	430.76	2.03	1.26	-0.30	2.41	1
11.647	-124.87	23.94	-392.90	412.96	2.00	1.19	-0.28	2.34	1
11.657	-117.99	27.48	-374.25	393.37	1.95	1.15	-0.25	2.28	1
11.666	-111.99	31.93	-353.64	372.32	1.90	1.12	-0.22	2.21	1
11.676	-107.29	33.29	-336.37	354.63	1.85	1.08	-0.19	2.15	1
11.686	-105.65	27.94	-324.39	342.30	1.78	1.01	-0.17	2.05	1
11.695	-105.37	19.10	-315.45	333.13	1.70	0.93	-0.18	1.95	1
11.705	-103.36	15.25	-306.80	324.10	1.64	0.85	-0.16	1.85	1
11.715	-99.42	15.82	-299.06	315.55	1.58	0.79	-0.12	1.77	1
11.725	-95.96	15.70	-294.87	310.49	1.52	0.73	-0.08	1.68	1
11.735	-90.67	20.26	-282.91	297.77	1.47	0.71	-0.06	1.63	1
11.745	-89.12	15.85	-277.15	291.56	1.41	0.63	-0.07	1.55	1
11.754	-88.67	9.43	-272.51	286.73	1.35	0.55	-0.09	1.46	1
11.764	-84.31	15.50	-259.50	273.29	1.30	0.51	-0.06	1.40	1
11.774	-79.51	21.17	-243.25	256.79	1.25	0.47	-0.03	1.33	1
11.784	-74.57	24.39	-228.27	241.37	1.18	0.41	-0.01	1.25	1
11.794	-70.42	25.47	-213.90	226.63	1.09	0.34	0.00	1.14	1
11.804	-66.49	25.11	-203.23	215.30	1.01	0.25	0.02	1.04	1
11.814	-65.37	14.85	-200.49	211.40	0.91	0.12	-0.01	0.92	1
11.824	-64.87	2.47	-199.75	210.04	0.79	-0.02	-0.04	0.79	1
11.834	-63.23	-5.12	-195.23	205.28	0.69	-0.11	-0.06	0.70	1
11.844	-60.36	-8.38	-186.79	196.48	0.59	-0.20	-0.07	0.62	1
11.854	-56.79	-8.87	-174.56	183.78	0.50	-0.25	-0.09	0.57	1
11.864	-53.38	-6.08	-158.31	167.18	0.42	-0.27	-0.08	0.51	1
11.874	-50.75	-5.63	-142.77	151.63	0.34	-0.29	-0.08	0.46	1
11.885	-50.14	-13.95	-142.44	151.65	0.27	-0.35	-0.10	0.46	1
11.895	-48.03	-17.72	-137.25	146.49	0.20	-0.39	-0.12	0.45	1
11.905	-46.02	-19.44	-129.06	138.39	0.16	-0.41	-0.12	0.45	1
11.915	-45.35	-27.97	-135.41	145.52	0.10	-0.46	-0.12	0.49	1
11.925	-45.19	-33.43	-132.23	143.68	0.05	-0.49	-0.15	0.52	1
11.935	-43.81	-38.45	-133.24	145.43	0.01	-0.53	-0.14	0.54	1
11.946	-42.99	-42.48	-130.79	144.08	-0.03	-0.54	-0.15	0.56	1
11.956	-43.22	-50.28	-135.72	151.05	-0.07	-0.57	-0.19	0.61	1
11.966	-41.94	-51.94	-127.86	144.24	-0.10	-0.56	-0.19	0.60	1
11.976	-41.17	-54.17	-125.91	143.12	-0.13	-0.56	-0.18	0.60	1
11.986	-39.86	-53.06	-121.41	138.36	-0.15	-0.55	-0.15	0.59	1
11.996	-39.45	-53.38	-116.53	134.11	-0.19	-0.55	-0.14	0.60	1
12.007	-39.87	-56.92	-117.83	136.79	-0.21	-0.55	-0.13	0.61	1
12.017	-40.07	-60.27	-116.24	136.93	-0.23	-0.54	-0.13	0.60	1
12.027	-40.50	-64.52	-115.64	138.48	-0.25	-0.54	-0.14	0.61	1
12.037	-41.53	-72.58	-124.06	149.61	-0.27	-0.56	-0.16	0.64	1
12.048	-40.42	-72.66	-118.44	144.71	-0.27	-0.54	-0.15	0.63	1
12.058	-40.24	-75.77	-115.52	143.90	-0.27	-0.53	-0.16	0.61	1
12.068	-40.48	-80.00	-117.91	148.13	-0.27	-0.53	-0.16	0.62	1
12.078	-38.55	-78.44	-112.92	142.79	-0.26	-0.50	-0.14	0.58	1
12.088	-36.58	-77.12	-105.66	135.83	-0.25	-0.47	-0.12	0.55	1
12.099	-36.14	-78.69	-106.11	136.96	-0.25	-0.47	-0.11	0.54	1
12.109	-35.99	-78.02	-104.91	135.60	-0.25	-0.46	-0.10	0.53	1
12.119	-36.49	-79.28	-102.33	134.49	-0.25	-0.44	-0.09	0.51	1
